dateutc,windspeedmph,windgustmph,hourlyrainin,dailyrainin,trustdevicetime,winddir,tempf,humidity,batt1volts,baromabsin,baromrelin,solarradiation,sis,sds,solarradday,feelsLike,dewPoint,lastRain,date,tz,historical,local_time
1743835800000,0.8948,2.4606,0,0,1,319,57.7,49,4.29,30.12,30.194,0,0,24658,22192200,57.7,38.67,2025-04-01T21:20:00.000Z,2025-04-04,,,2025-04-04 23:50:00-07:00
1743834900000,0.4474,2.908,0,0,1,288,59.7,45,,30.13,30.2037,0,0,24658,22192200,59.7,38.33,2025-04-01T21:20:00.000Z,2025-04-04,,,2025-04-04 23:35:00-07:00
1743834000000,3.8028,7.3819,0,0,1,237,61.5,42,,30.12,30.1935,0,0,24658,22192200,61.5,38.19,2025-04-01T21:20:00.000Z,2025-04-04,,,2025-04-04 23:20:00-07:00
1743833100000,0.6711,4.9213,0,0,1,191,60.3,46,,30.13,30.2037,0,0,24658,22192200,60.3,39.43,2025-04-01T21:20:00.000Z,2025-04-04,,,2025-04-04 23:05:00-07:00
1743832200000,0.8948,5.145,0,0,1,289,59.5,46,4.3,30.12,30.1938,0,0,24658,22192200,59.5,38.7,2025-04-01T21:20:00.000Z,2025-04-04,,,2025-04-04 22:50:00-07:00
1743831300000,1.5659,5.145,0,0,1,308,60.3,46,,30.12,30.1936,0,0,24658,22192200,60.3,39.43,,2025-04-04,America/Los_Angeles,True,2025-04-04 22:35:00-07:00
1743830400000,0.8948,5.5923,0,0,1,2,61.0,44,,30.12,30.1935,0,0,24658,22192200,61.0,38.93,2025-04-01T21:20:00.000Z,2025-04-04,,,2025-04-04 22:20:00-07:00
1743829500000,0.8948,12.9742,0,0,1,289,62.1,41,,30.12,30.1934,0,0,24658,22192200,62.1,38.12,2025-04-01T21:20:00.000Z,2025-04-04,,,2025-04-04 22:05:00-07:00
1743828600000,0.8948,6.0397,0,0,1,225,60.4,46,4.3,30.11,30.1836,0,0,24658,22192200,60.4,39.52,2025-04-01T21:20:00.000Z,2025-04-04,,,2025-04-04 21:50:00-07:00
1743827700000,0.8948,8.2767,0,0,1,125,59.5,52,,30.11,30.1837,0,0,24658,22192200,59.5,41.86,2025-04-01T21:20:00.000Z,2025-04-04,,,2025-04-04 21:35:00-07:00
1743826800000,0.6711,3.8028,0,0,1,125,59.0,53,,30.11,30.1838,0,0,24658,22192200,59.0,41.89,2025-04-01T21:20:00.000Z,2025-04-04,,,2025-04-04 21:20:00-07:00
1743825900000,0.8948,6.2634,0,0,1,289,57.6,58,,30.11,30.184,0,0,24658,22192200,57.6,42.93,2025-04-01T21:20:00.000Z,2025-04-04,,,2025-04-04 21:05:00-07:00
1743825000000,0.0,2.908,0,0,1,297,59.2,54,4.31,30.1,30.1737,0,0,24658,22192200,59.2,42.56,2025-04-01T21:20:00.000Z,2025-04-04,,,2025-04-04 20:50:00-07:00
1743824100000,0.2237,4.6976,0,0,1,297,59.7,54,,30.1,30.1737,0,0,24658,22192200,59.7,43.03,2025-04-01T21:20:00.000Z,2025-04-04,,,2025-04-04 20:35:00-07:00
1743823200000,3.5791,7.1582,0,0,1,272,60.6,52,,30.09,30.1635,0,0,24658,22192200,60.6,42.88,2025-04-01T21:20:00.000Z,2025-04-04,,,2025-04-04 20:20:00-07:00
1743822300000,1.1185,5.816,0,0,1,275,62.2,49,,30.08,30.1533,0,0,24658,22192200,62.2,42.8,2025-04-01T21:20:00.000Z,2025-04-04,,,2025-04-04 20:05:00-07:00
1743821400000,4.4739,13.6453,0,0,1,275,63.3,47,4.32,30.07,30.1431,0,0,24658,22192200,63.3,42.72,2025-04-01T21:20:00.000Z,2025-04-04,,,2025-04-04 19:50:00-07:00
1743820500000,4.6976,12.5268,0,0,1,290,64.2,45,,30.06,30.1329,0,0,24658,22192200,64.2,42.41,2025-04-01T21:20:00.000Z,2025-04-04,,,2025-04-04 19:35:00-07:00
1743819600000,2.0132,6.9345,0,0,1,303,65.3,44,,30.06,30.1328,13,11700,24645,22192200,65.3,42.82,2025-04-01T21:20:00.000Z,2025-04-04,,,2025-04-04 19:20:00-07:00
1743818700000,4.9213,12.3031,0,0,1,290,65.8,43,,30.06,30.1327,36,32400,24609,22180500,65.8,42.68,2025-04-01T21:20:00.000Z,2025-04-04,,,2025-04-04 19:05:00-07:00
1743817800000,6.4871,16.777,0,0,1,292,66.4,43,4.33,30.06,30.1326,44,39600,24565,22148100,66.4,43.22,2025-04-01T21:20:00.000Z,2025-04-04,,,2025-04-04 18:50:00-07:00
1743816900000,7.8293,17.0007,0,0,1,288,67.1,42,,30.05,30.1225,90,81000,24475,22108500,67.1,43.23,2025-04-01T21:20:00.000Z,2025-04-04,,,2025-04-04 18:35:00-07:00
1743816000000,9.3951,18.3429,0,0,1,287,66.9,43,,30.05,30.1225,73,65700,24402,22027500,66.9,43.67,2025-04-01T21:20:00.000Z,2025-04-04,,,2025-04-04 18:20:00-07:00
1743815100000,9.8425,18.5666,0,0,1,284,64.9,48,,30.05,30.1228,61,54900,24341,21961800,64.9,44.74,2025-04-01T21:20:00.000Z,2025-04-04,,,2025-04-04 18:05:00-07:00
1743814200000,8.9477,18.7903,0,0,1,279,60.8,62,,30.05,30.1234,144,129600,24197,21906900,60.8,47.7,2025-04-01T21:20:00.000Z,2025-04-04,,,2025-04-04 17:50:00-07:00
1743813300000,7.6056,13.6453,0,0,1,279,62.8,57,,30.04,30.1131,172,154800,24025,21777300,62.8,47.34,2025-04-01T21:20:00.000Z,2025-04-04,,,2025-04-04 17:35:00-07:00
1743812400000,6.9345,14.7638,0,0,1,277,64.8,54,,30.04,30.1128,381,342900,23644,21622500,64.8,47.76,2025-04-01T21:20:00.000Z,2025-04-04,,,2025-04-04 17:20:00-07:00
1743811500000,3.5791,14.3164,0,0,1,233,62.6,61,4.36,30.04,30.1131,358,322200,23286,21279600,62.6,48.96,2025-04-01T21:20:00.000Z,2025-04-04,,,2025-04-04 17:05:00-07:00
1743810600000,1.7895,4.4739,0,0,1,216,61.0,65,,30.04,30.1133,189,170100,23097,20957400,61.0,49.15,2025-04-01T21:20:00.000Z,2025-04-04,,,2025-04-04 16:50:00-07:00
1743809700000,2.4606,6.4871,0,0,1,198,62.1,63,,30.04,30.1132,397,357300,22700,20787300,62.1,49.35,2025-04-01T21:20:00.000Z,2025-04-04,,,2025-04-04 16:35:00-07:00
1743808800000,2.6843,5.3686,0,0,1,189,62.1,65,,30.04,30.1132,554,498600,22146,20430000,62.1,50.19,2025-04-01T21:20:00.000Z,2025-04-04,,,2025-04-04 16:20:00-07:00
1743807900000,3.5791,5.5923,0,0,1,220,61.7,66,4.39,30.04,30.1132,576,518400,21570,19931400,61.7,50.22,2025-04-01T21:20:00.000Z,2025-04-04,,,2025-04-04 16:05:00-07:00
1743807000000,4.9213,7.3819,0,0,1,218,60.1,70,,30.04,30.1135,618,556200,20952,19413000,60.1,50.28,2025-04-01T21:20:00.000Z,2025-04-04,,,2025-04-04 15:50:00-07:00
1743806100000,4.9213,7.3819,0,0,1,197,61.0,68,,30.04,30.1133,658,592200,20294,18856800,61.0,50.36,2025-04-01T21:20:00.000Z,2025-04-04,,,2025-04-04 15:35:00-07:00
1743805200000,5.3686,10.961,0,0,1,259,64.8,57,,30.05,30.1228,699,629100,19595,18264600,64.8,49.2,2025-04-01T21:20:00.000Z,2025-04-04,,,2025-04-04 15:20:00-07:00
1743804300000,5.816,9.3951,0,0,1,263,62.2,64,4.39,30.05,30.1232,728,655200,18867,17635500,62.2,49.87,2025-04-01T21:20:00.000Z,2025-04-04,,,2025-04-04 15:05:00-07:00
1743803400000,7.3819,10.7373,0,0,1,240,62.1,62,,30.06,30.1332,761,684900,18106,16980300,62.1,48.92,2025-04-01T21:20:00.000Z,2025-04-04,,,2025-04-04 14:50:00-07:00
1743802500000,8.2767,14.0927,0,0,1,270,63.7,53,,30.06,30.133,796,716400,17310,16295400,63.7,46.24,2025-04-01T21:20:00.000Z,2025-04-04,,,2025-04-04 14:35:00-07:00
1743801600000,8.5004,14.3164,0,0,1,279,63.7,51,,30.06,30.133,811,729900,16499,15579000,63.7,45.23,2025-04-01T21:20:00.000Z,2025-04-04,,,2025-04-04 14:20:00-07:00
1743800700000,8.5004,14.3164,0,0,1,278,62.2,59,4.39,30.06,30.1332,823,740700,15676,14849100,62.2,47.69,2025-04-01T21:20:00.000Z,2025-04-04,,,2025-04-04 14:05:00-07:00
1743799800000,9.3951,14.0927,0,0,1,270,60.4,68,,30.06,30.1335,839,755100,13986,13342500,60.4,49.79,2025-04-01T21:20:00.000Z,2025-04-04,,,2025-04-04 13:50:00-07:00
1743798900000,8.5004,12.9742,0,0,1,267,61.7,60,,30.07,30.1433,851,765900,14825,13353300,61.7,47.67,,2025-04-04,America/Los_Angeles,True,2025-04-04 13:35:00-07:00
1743798000000,8.9477,13.6453,0,0,1,271,62.4,54,4.4,30.07,30.1432,858,772200,13128,12587400,62.4,45.53,2025-04-01T21:20:00.000Z,2025-04-04,,,2025-04-04 13:20:00-07:00
1743797100000,7.1582,12.5268,0,0,1,272,62.6,52,,30.07,30.1432,866,779400,12262,11815200,62.6,44.72,2025-04-01T21:20:00.000Z,2025-04-04,,,2025-04-04 13:05:00-07:00
1743796200000,7.1582,10.7373,0,0,1,266,62.4,52,,30.07,30.1432,860,774000,11402,11035800,62.4,44.54,2025-04-01T21:20:00.000Z,2025-04-04,,,2025-04-04 12:50:00-07:00
1743795300000,6.7108,10.0662,0,0,1,274,62.1,57,,30.07,30.1433,857,771300,10545,10261800,62.1,46.68,2025-04-01T21:20:00.000Z,2025-04-04,,,2025-04-04 12:35:00-07:00
1743794400000,6.9345,10.5136,0,0,1,262,59.7,68,4.41,30.07,30.1436,848,763200,9697,9490500,59.7,49.12,2025-04-01T21:20:00.000Z,2025-04-04,,,2025-04-04 12:20:00-07:00
1743793500000,6.9345,9.6188,0,0,1,238,59.2,69,,30.07,30.1437,830,747000,8867,8727300,59.2,49.03,2025-04-01T21:20:00.000Z,2025-04-04,,,2025-04-04 12:05:00-07:00
1743792600000,6.4871,9.6188,0,0,1,239,59.7,65,,30.07,30.1436,812,730800,8055,7980300,59.7,47.91,2025-04-01T21:20:00.000Z,2025-04-04,,,2025-04-04 11:50:00-07:00
1743791700000,5.816,8.5004,0,0,1,235,59.5,64,,30.07,30.1436,791,711900,7264,7249500,59.5,47.31,2025-04-01T21:20:00.000Z,2025-04-04,,,2025-04-04 11:35:00-07:00
1743790800000,4.9213,7.3819,0,0,1,231,60.6,62,4.45,30.07,30.1435,765,688500,6499,6537600,60.6,47.51,2025-04-01T21:20:00.000Z,2025-04-04,,,2025-04-04 11:20:00-07:00
1743789900000,4.6976,7.6056,0,0,1,260,61.2,63,,30.07,30.1434,736,662400,5763,5849100,61.2,48.5,2025-04-01T21:20:00.000Z,2025-04-04,,,2025-04-04 11:05:00-07:00
1743789000000,5.3686,8.7241,0,0,1,255,59.0,69,,30.08,30.1537,702,631800,5061,5186700,59.0,48.84,2025-04-01T21:20:00.000Z,2025-04-04,,,2025-04-04 10:50:00-07:00
1743788100000,5.3686,8.2767,0,0,1,244,57.9,71,,30.07,30.1439,667,600300,4394,4554900,57.9,48.55,2025-04-01T21:20:00.000Z,2025-04-04,,,2025-04-04 10:35:00-07:00
1743787200000,4.4739,6.4871,0,0,1,235,58.5,69,4.6,30.07,30.1438,628,565200,3766,3954600,58.5,48.36,2025-04-01T21:20:00.000Z,2025-04-04,,,2025-04-04 10:20:00-07:00
1743786300000,4.6976,8.2767,0,0,1,239,57.4,71,,30.07,30.1439,586,527400,3180,3389400,57.4,48.07,2025-04-01T21:20:00.000Z,2025-04-04,,,2025-04-04 10:05:00-07:00
1743785400000,3.5791,7.8293,0,0,1,236,57.6,69,,30.07,30.1439,541,486900,2144,2416500,57.6,47.5,2025-04-01T21:20:00.000Z,2025-04-04,,,2025-04-04 09:50:00-07:00
1743784500000,4.0265,6.9345,0,0,1,228,57.2,71,,30.06,30.1339,495,445500,2685,2375100,57.2,47.88,,2025-04-04,America/Los_Angeles,True,2025-04-04 09:35:00-07:00
1743783600000,2.6843,5.145,0,0,1,225,56.3,72,4.52,30.06,30.1341,447,402300,1697,1929600,56.3,47.39,2025-04-01T21:20:00.000Z,2025-04-04,,,2025-04-04 09:20:00-07:00
1743782700000,2.0132,5.816,0,0,1,130,57.6,69,,30.06,30.1339,396,356400,1301,1527300,57.6,47.5,2025-04-01T21:20:00.000Z,2025-04-04,,,2025-04-04 09:05:00-07:00
1743781800000,1.3422,5.3686,0,0,1,130,56.8,69,,30.06,30.134,345,310500,956,1170900,56.8,46.74,2025-04-01T21:20:00.000Z,2025-04-04,,,2025-04-04 08:50:00-07:00
1743780900000,0.4474,2.0132,0,0,1,297,55.0,72,,30.06,30.1342,291,261900,665,860400,55.0,46.14,2025-04-01T21:20:00.000Z,2025-04-04,,,2025-04-04 08:35:00-07:00
1743780000000,0.0,2.2369,0,0,1,297,52.0,76,4.23,30.06,30.1347,238,214200,427,598500,52.0,44.67,2025-04-01T21:20:00.000Z,2025-04-04,,,2025-04-04 08:20:00-07:00
1743779100000,0.0,1.5659,0,0,1,297,48.9,80,,30.05,30.1251,187,168300,240,384300,48.9,43.01,2025-04-01T21:20:00.000Z,2025-04-04,,,2025-04-04 08:05:00-07:00
1743778200000,0.0,0.0,0,0,1,297,46.6,85,,30.05,30.1255,136,122400,104,216000,46.6,42.34,2025-04-01T21:20:00.000Z,2025-04-04,,,2025-04-04 07:50:00-07:00
1743777300000,0.0,1.5659,0,0,1,297,44.6,88,,30.04,30.1157,57,51300,47,93600,44.6,41.27,2025-04-01T21:20:00.000Z,2025-04-04,,,2025-04-04 07:35:00-07:00
1743776400000,0.0,0.0,0,0,1,297,43.7,88,4.23,30.03,30.1058,28,25200,19,42300,43.7,40.38,2025-04-01T21:20:00.000Z,2025-04-04,,,2025-04-04 07:20:00-07:00
1743775500000,0.0,0.0,0,0,1,297,43.9,88,,30.02,30.0958,15,13500,4,17100,43.9,40.58,2025-04-01T21:20:00.000Z,2025-04-04,,,2025-04-04 07:05:00-07:00
1743774600000,0.4474,2.4606,0,0,1,297,44.6,88,,30.02,30.0957,4,3600,0,3600,44.6,41.27,2025-04-01T21:20:00.000Z,2025-04-04,,,2025-04-04 06:50:00-07:00
1743773700000,0.8948,2.6843,0,0,1,297,44.2,88,,30.01,30.0857,0,0,0,0,44.2,40.88,2025-04-01T21:20:00.000Z,2025-04-04,,,2025-04-04 06:35:00-07:00
1743772800000,0.8948,3.8028,0,0,1,297,44.8,87,4.24,30.01,30.0856,0,0,0,0,44.8,41.17,2025-04-01T21:20:00.000Z,2025-04-04,,,2025-04-04 06:20:00-07:00
1743771900000,0.2237,4.2502,0,0,1,297,45.3,87,,30.0,30.0755,0,0,0,0,45.3,41.66,2025-04-01T21:20:00.000Z,2025-04-04,,,2025-04-04 06:05:00-07:00
1743771000000,1.3422,3.5791,0,0,1,297,45.3,86,,30.0,30.0755,0,0,0,0,45.3,41.36,2025-04-01T21:20:00.000Z,2025-04-04,,,2025-04-04 05:50:00-07:00
1743770100000,0.2237,2.2369,0,0,1,297,45.9,85,,29.99,30.0654,0,0,0,0,45.9,41.65,2025-04-01T21:20:00.000Z,2025-04-04,,,2025-04-04 05:35:00-07:00
1743769200000,0.2237,2.2369,0,0,1,297,46.0,84,4.24,29.99,30.0654,0,0,0,0,46.0,41.44,2025-04-01T21:20:00.000Z,2025-04-04,,,2025-04-04 05:20:00-07:00
1743768300000,0.2237,2.908,0,0,1,298,45.5,82,,29.99,30.0655,0,0,0,0,45.5,40.33,2025-04-01T21:20:00.000Z,2025-04-04,,,2025-04-04 05:05:00-07:00
1743767400000,0.0,1.5659,0,0,1,110,47.1,80,,29.98,30.0552,0,0,0,0,47.1,41.25,2025-04-01T21:20:00.000Z,2025-04-04,,,2025-04-04 04:50:00-07:00
1743766500000,0.0,0.0,0,0,1,110,46.9,79,,29.98,30.0552,0,0,0,0,46.9,40.73,2025-04-01T21:20:00.000Z,2025-04-04,,,2025-04-04 04:35:00-07:00
1743765600000,0.0,1.5659,0,0,1,110,46.6,80,4.25,29.97,30.0453,0,0,0,0,46.6,40.77,2025-04-01T21:20:00.000Z,2025-04-04,,,2025-04-04 04:20:00-07:00
1743764700000,0.2237,2.2369,0,0,1,110,46.9,80,,29.97,30.0452,0,0,0,0,46.9,41.06,2025-04-01T21:20:00.000Z,2025-04-04,,,2025-04-04 04:05:00-07:00
1743763800000,0.2237,2.0132,0,0,1,110,47.7,81,,29.97,30.0451,0,0,0,0,47.7,42.16,2025-04-01T21:20:00.000Z,2025-04-04,,,2025-04-04 03:50:00-07:00
1743762900000,0.2237,1.7895,0,0,1,110,47.1,81,,29.98,30.0552,0,0,0,0,47.1,41.57,2025-04-01T21:20:00.000Z,2025-04-04,,,2025-04-04 03:35:00-07:00
1743762000000,0.0,1.3422,0,0,1,110,46.9,80,4.26,29.98,30.0552,0,0,0,0,46.9,41.06,2025-04-01T21:20:00.000Z,2025-04-04,,,2025-04-04 03:20:00-07:00
1743761100000,0.0,0.0,0,0,1,110,46.9,80,,29.99,30.0653,0,0,0,0,46.9,41.06,2025-04-01T21:20:00.000Z,2025-04-04,,,2025-04-04 03:05:00-07:00
1743760200000,0.0,1.3422,0,0,1,110,47.1,81,,29.98,30.0552,0,0,0,0,47.1,41.57,2025-04-01T21:20:00.000Z,2025-04-04,,,2025-04-04 02:50:00-07:00
1743759300000,0.2237,2.6843,0,0,1,110,47.3,80,,29.98,30.0552,0,0,0,0,47.3,41.45,2025-04-01T21:20:00.000Z,2025-04-04,,,2025-04-04 02:35:00-07:00
1743758400000,0.0,1.5659,0,0,1,110,47.5,79,4.27,29.99,30.0652,0,0,0,0,47.5,41.32,2025-04-01T21:20:00.000Z,2025-04-04,,,2025-04-04 02:20:00-07:00
1743757500000,0.0,1.3422,0,0,1,110,47.5,77,,29.98,30.0551,0,0,0,0,47.5,40.65,,2025-04-04,America/Los_Angeles,True,2025-04-04 02:05:00-07:00
1743756600000,0.0,0.0,0,0,1,110,48.4,75,,29.98,30.055,0,0,0,0,48.4,40.85,,2025-04-04,America/Los_Angeles,True,2025-04-04 01:50:00-07:00
1743755700000,0.0,0.0,0,0,1,110,50.2,70,4.28,29.98,30.0548,0,0,0,0,50.2,40.8,2025-04-01T21:20:00.000Z,2025-04-04,,,2025-04-04 01:35:00-07:00
1743754800000,0.0,0.0,0,0,1,110,50.9,71,,29.98,30.0546,0,0,0,0,50.9,41.84,2025-04-01T21:20:00.000Z,2025-04-04,,,2025-04-04 01:20:00-07:00
1743753900000,0.0,0.0,0,0,1,110,51.4,68,,29.98,30.0546,0,0,0,0,51.4,41.2,2025-04-01T21:20:00.000Z,2025-04-04,,,2025-04-04 01:05:00-07:00
1743753000000,0.0,0.0,0,0,1,110,51.4,69,,29.98,30.0546,0,0,0,0,51.4,41.58,2025-04-01T21:20:00.000Z,2025-04-04,,,2025-04-04 00:50:00-07:00
1743752100000,0.4474,2.908,0,0,1,110,51.3,67,4.28,29.98,30.0546,0,0,0,0,51.3,40.72,2025-04-01T21:20:00.000Z,2025-04-04,,,2025-04-04 00:35:00-07:00
1743751200000,0.4474,4.0265,0,0,1,281,50.5,71,,29.97,30.0447,0,0,0,0,50.5,41.45,2025-04-01T21:20:00.000Z,2025-04-04,,,2025-04-04 00:20:00-07:00
1743750300000,0.0,0.0,0,0,1,283,51.4,69,,29.98,30.0546,0,0,0,0,51.4,41.58,2025-04-01T21:20:00.000Z,2025-04-04,,,2025-04-04 00:05:00-07:00
