dateutc,windspeedmph,windgustmph,hourlyrainin,dailyrainin,trustdevicetime,winddir,tempf,humidity,baromabsin,baromrelin,solarradiation,sis,sds,solarradday,feelsLike,dewPoint,lastRain,date,batt1volts,tz,historical,local_time
1744354200000,0.8948,2.6843,0,0,1,347,55.6,91,30.03,30.1041,0,0,22267,20040300,55.6,53.01,2025-04-01T21:20:00.000Z,2025-04-10,,,,2025-04-10 23:50:00-07:00
1744353300000,0.6711,2.6843,0,0,1,347,55.9,91,30.04,30.1141,0,0,22267,20040300,55.9,53.31,2025-04-01T21:20:00.000Z,2025-04-10,,,,2025-04-10 23:35:00-07:00
1744352400000,0.6711,3.1317,0,0,1,347,56.1,90,30.04,30.114,0,0,22267,20040300,56.1,53.21,2025-04-01T21:20:00.000Z,2025-04-10,,,,2025-04-10 23:20:00-07:00
1744351500000,0.6711,3.8028,0,0,1,350,56.3,90,30.03,30.104,0,0,22267,20040300,56.3,53.4,2025-04-01T21:20:00.000Z,2025-04-10,4.29,,,2025-04-10 23:05:00-07:00
1744350600000,0.6711,3.5791,0,0,1,64,56.3,90,30.03,30.104,0,0,22267,20040300,56.3,53.4,2025-04-01T21:20:00.000Z,2025-04-10,,,,2025-04-10 22:50:00-07:00
1744349700000,1.1185,4.0265,0,0,1,64,56.3,89,30.03,30.104,0,0,22267,20040300,56.3,53.1,2025-04-01T21:20:00.000Z,2025-04-10,,,,2025-04-10 22:35:00-07:00
1744348800000,0.8948,3.1317,0,0,1,64,56.3,89,30.04,30.114,0,0,22267,20040300,56.3,53.1,2025-04-01T21:20:00.000Z,2025-04-10,,,,2025-04-10 22:20:00-07:00
1744347900000,0.6711,2.6843,0,0,1,64,55.9,89,30.04,30.1141,0,0,22267,20040300,55.9,52.7,2025-04-01T21:20:00.000Z,2025-04-10,4.3,,,2025-04-10 22:05:00-07:00
1744347000000,0.4474,2.2369,0,0,1,64,55.8,89,30.04,30.1141,0,0,22267,20040300,55.8,52.61,2025-04-01T21:20:00.000Z,2025-04-10,,,,2025-04-10 21:50:00-07:00
1744346100000,0.6711,2.4606,0,0,1,64,55.9,89,30.04,30.1141,0,0,22267,20040300,55.9,52.7,2025-04-01T21:20:00.000Z,2025-04-10,,,,2025-04-10 21:35:00-07:00
1744345200000,0.4474,2.4606,0,0,1,64,56.3,88,30.03,30.104,0,0,22267,20040300,56.3,52.79,2025-04-01T21:20:00.000Z,2025-04-10,,,,2025-04-10 21:20:00-07:00
1744344300000,0.4474,2.4606,0,0,1,64,56.7,87,30.03,30.1039,0,0,22267,20040300,56.7,52.87,2025-04-01T21:20:00.000Z,2025-04-10,4.31,,,2025-04-10 21:05:00-07:00
1744343400000,0.0,0.0,0,0,1,64,57.2,86,30.03,30.1039,0,0,22267,20040300,57.2,53.05,2025-04-01T21:20:00.000Z,2025-04-10,,,,2025-04-10 20:50:00-07:00
1744342500000,0.2237,2.6843,0,0,1,63,57.4,87,30.01,30.0838,0,0,22267,20040300,57.4,53.56,2025-04-01T21:20:00.000Z,2025-04-10,,,,2025-04-10 20:35:00-07:00
1744341600000,0.0,1.7895,0,0,1,205,56.8,88,30.01,30.0839,0,0,22267,20040300,56.8,53.28,2025-04-01T21:20:00.000Z,2025-04-10,,,,2025-04-10 20:20:00-07:00
1744340700000,0.0,1.5659,0,0,1,216,56.8,89,30.02,30.0939,0,0,22267,20040300,56.8,53.59,2025-04-01T21:20:00.000Z,2025-04-10,4.32,,,2025-04-10 20:05:00-07:00
1744339800000,0.0,1.1185,0,0,1,216,57.0,89,30.02,30.0939,0,0,22267,20040300,57.0,53.79,2025-04-01T21:20:00.000Z,2025-04-10,,,,2025-04-10 19:50:00-07:00
1744338900000,0.0,1.5659,0,0,1,216,57.0,89,30.03,30.1039,3,2700,22264,20040300,57.0,53.79,2025-04-01T21:20:00.000Z,2025-04-10,,,,2025-04-10 19:35:00-07:00
1744338000000,0.2237,2.0132,0,0,1,216,57.6,89,30.03,30.1038,22,19800,22242,20037600,57.6,54.38,2025-04-01T21:20:00.000Z,2025-04-10,,,,2025-04-10 19:20:00-07:00
1744337100000,4.2502,9.6188,0,0,1,184,58.6,87,30.03,30.1037,52,46800,22190,20017800,58.6,54.74,2025-04-01T21:20:00.000Z,2025-04-10,4.33,,,2025-04-10 19:05:00-07:00
1744336200000,2.6843,6.4871,0,0,1,164,60.3,84,30.02,30.0934,79,71100,22111,19971000,60.3,55.44,2025-04-01T21:20:00.000Z,2025-04-10,,,,2025-04-10 18:50:00-07:00
1744335300000,1.1185,7.6056,0,0,1,220,65.8,69,30.02,30.0926,44,39600,22067,19899900,65.8,55.34,2025-04-01T21:20:00.000Z,2025-04-10,,,,2025-04-10 18:35:00-07:00
1744334400000,0.0,1.5659,0,0,1,232,66.9,66,30.03,30.1025,158,142200,21909,19860300,66.9,55.16,2025-04-01T21:20:00.000Z,2025-04-10,,,,2025-04-10 18:20:00-07:00
1744333500000,0.4474,2.4606,0,0,1,232,65.3,70,30.04,30.1127,201,180900,21708,19718100,65.3,55.26,2025-04-01T21:20:00.000Z,2025-04-10,4.38,,,2025-04-10 18:05:00-07:00
1744332600000,2.908,6.0397,0,0,1,232,63.0,78,30.05,30.1231,257,231300,21451,19537200,63.0,56.03,2025-04-01T21:20:00.000Z,2025-04-10,,,,2025-04-10 17:50:00-07:00
1744331700000,4.6976,7.1582,0,0,1,243,62.2,81,30.04,30.1132,306,275400,21145,19305900,62.2,56.29,2025-04-01T21:20:00.000Z,2025-04-10,,,,2025-04-10 17:35:00-07:00
1744330800000,5.3686,7.8293,0,0,1,247,63.0,80,30.05,30.1231,357,321300,20788,19030500,63.0,56.73,2025-04-01T21:20:00.000Z,2025-04-10,,,,2025-04-10 17:20:00-07:00
1744329900000,4.4739,6.2634,0,0,1,227,63.1,79,30.05,30.1231,412,370800,20376,18709200,63.1,56.48,2025-04-01T21:20:00.000Z,2025-04-10,4.37,,,2025-04-10 17:05:00-07:00
1744329000000,4.2502,6.0397,0,0,1,225,63.0,81,30.05,30.1231,462,415800,19914,18338400,63.0,57.07,2025-04-01T21:20:00.000Z,2025-04-10,,,,2025-04-10 16:50:00-07:00
1744328100000,4.9213,6.4871,0,0,1,225,63.9,76,30.05,30.123,506,455400,19408,17922600,63.9,56.18,2025-04-01T21:20:00.000Z,2025-04-10,,,,2025-04-10 16:35:00-07:00
1744327200000,4.9213,7.3819,0,0,1,225,64.4,75,30.06,30.1329,597,537300,18811,17467200,64.4,56.3,2025-04-01T21:20:00.000Z,2025-04-10,,,,2025-04-10 16:20:00-07:00
1744326300000,4.6976,6.9345,0,0,1,230,63.9,78,30.06,30.133,611,549900,18200,16929900,63.9,56.9,2025-04-01T21:20:00.000Z,2025-04-10,4.39,,,2025-04-10 16:05:00-07:00
1744325400000,4.9213,8.2767,0,0,1,235,62.6,80,30.07,30.1432,567,510300,17633,16380000,62.6,56.34,2025-04-01T21:20:00.000Z,2025-04-10,,,,2025-04-10 15:50:00-07:00
1744324500000,5.5923,8.5004,0,0,1,235,61.3,84,30.08,30.1534,568,511200,17065,15869700,61.3,56.42,2025-04-01T21:20:00.000Z,2025-04-10,,,,2025-04-10 15:35:00-07:00
1744323600000,5.816,8.5004,0,0,1,234,61.3,84,30.08,30.1534,409,368100,16656,15358500,61.3,56.42,2025-04-01T21:20:00.000Z,2025-04-10,,,,2025-04-10 15:20:00-07:00
1744322700000,6.2634,8.9477,0,0,1,208,60.4,86,30.08,30.1535,744,669600,15912,14990400,60.4,56.19,2025-04-01T21:20:00.000Z,2025-04-10,4.39,,,2025-04-10 15:05:00-07:00
1744321800000,4.4739,6.9345,0,0,1,197,61.0,83,30.09,30.1635,341,306900,15571,14320800,61.0,55.8,2025-04-01T21:20:00.000Z,2025-04-10,,,,2025-04-10 14:50:00-07:00
1744320900000,4.9213,7.6056,0,0,1,214,62.2,81,30.09,30.1633,641,576900,14930,14013900,62.2,56.29,2025-04-01T21:20:00.000Z,2025-04-10,,,,2025-04-10 14:35:00-07:00
1744320000000,4.2502,7.8293,0,0,1,234,62.4,82,30.1,30.1733,600,540000,14330,13437000,62.4,56.83,2025-04-01T21:20:00.000Z,2025-04-10,,,,2025-04-10 14:20:00-07:00
1744319100000,5.145,7.3819,0,0,1,219,60.6,85,30.11,30.1836,631,567900,13699,12897000,60.6,56.06,2025-04-01T21:20:00.000Z,2025-04-10,4.4,,,2025-04-10 14:05:00-07:00
1744318200000,5.145,7.6056,0,0,1,202,60.3,85,30.11,30.1836,596,536400,13103,12329100,60.3,55.77,2025-04-01T21:20:00.000Z,2025-04-10,,,,2025-04-10 13:50:00-07:00
1744317300000,4.9213,6.9345,0,0,1,209,60.4,85,30.11,30.1836,499,449100,12604,11792700,60.4,55.87,2025-04-01T21:20:00.000Z,2025-04-10,,,,2025-04-10 13:35:00-07:00
1744316400000,4.4739,6.7108,0,0,1,225,62.2,81,30.11,30.1833,385,346500,12219,11343600,62.2,56.29,2025-04-01T21:20:00.000Z,2025-04-10,,,,2025-04-10 13:20:00-07:00
1744315500000,4.4739,7.1582,0,0,1,235,62.4,81,30.12,30.1933,640,576000,11579,10997100,62.4,56.49,2025-04-01T21:20:00.000Z,2025-04-10,4.4,,,2025-04-10 13:05:00-07:00
1744314600000,4.9213,7.3819,0,0,1,237,60.8,84,30.13,30.2036,610,549000,10969,10421100,60.8,55.93,2025-04-01T21:20:00.000Z,2025-04-10,,,,2025-04-10 12:50:00-07:00
1744313700000,5.5923,8.2767,0,0,1,243,61.0,83,30.12,30.1935,528,475200,10441,9872100,61.0,55.8,2025-04-01T21:20:00.000Z,2025-04-10,,,,2025-04-10 12:35:00-07:00
1744312800000,5.3686,7.8293,0,0,1,218,59.9,85,30.12,30.1937,454,408600,9987,9396900,59.9,55.38,2025-04-01T21:20:00.000Z,2025-04-10,,,,2025-04-10 12:20:00-07:00
1744311900000,4.6976,7.3819,0,0,1,213,61.0,82,30.12,30.1935,579,521100,9408,8988300,61.0,55.46,2025-04-01T21:20:00.000Z,2025-04-10,4.42,,,2025-04-10 12:05:00-07:00
1744311000000,4.0265,7.3819,0,0,1,218,61.7,82,30.12,30.1934,840,756000,8568,8467200,61.7,56.15,2025-04-01T21:20:00.000Z,2025-04-10,,,,2025-04-10 11:50:00-07:00
1744310100000,5.816,8.7241,0,0,1,187,61.3,82,30.11,30.1835,804,723600,7764,7711200,61.3,55.76,2025-04-01T21:20:00.000Z,2025-04-10,,,,2025-04-10 11:35:00-07:00
1744309200000,5.5923,8.2767,0,0,1,168,61.9,81,30.12,30.1934,802,721800,6962,6987600,61.9,56.0,2025-04-01T21:20:00.000Z,2025-04-10,,,,2025-04-10 11:20:00-07:00
1744308300000,4.4739,7.1582,0,0,1,177,62.2,80,30.12,30.1934,765,688500,6197,6265800,62.2,55.95,2025-04-01T21:20:00.000Z,2025-04-10,4.47,,,2025-04-10 11:05:00-07:00
1744307400000,3.3554,6.2634,0,0,1,188,62.8,77,30.12,30.1933,728,655200,5469,5577300,62.8,55.48,2025-04-01T21:20:00.000Z,2025-04-10,,,,2025-04-10 10:50:00-07:00
1744306500000,4.2502,6.7108,0,0,1,205,61.2,81,30.13,30.2035,687,618300,4782,4922100,61.2,55.32,2025-04-01T21:20:00.000Z,2025-04-10,,,,2025-04-10 10:35:00-07:00
1744305600000,3.1317,5.3686,0,0,1,170,60.6,82,30.13,30.2036,647,582300,4135,4303800,60.6,55.07,2025-04-01T21:20:00.000Z,2025-04-10,,,,2025-04-10 10:20:00-07:00
1744304700000,2.908,5.145,0,0,1,169,60.6,83,30.12,30.1936,606,545400,3529,3721500,60.6,55.41,2025-04-01T21:20:00.000Z,2025-04-10,4.6,,,2025-04-10 10:05:00-07:00
1744303800000,4.0265,6.0397,0,0,1,169,59.9,85,30.12,30.1937,562,505800,2967,3176100,59.9,55.38,2025-04-01T21:20:00.000Z,2025-04-10,,,,2025-04-10 09:50:00-07:00
1744302900000,3.5791,5.5923,0,0,1,169,59.9,85,30.11,30.1837,517,465300,2450,2670300,59.9,55.38,2025-04-01T21:20:00.000Z,2025-04-10,,,,2025-04-10 09:35:00-07:00
1744302000000,2.6843,6.2634,0,0,1,208,59.5,84,30.11,30.1837,442,397800,2008,2205000,59.5,54.66,2025-04-01T21:20:00.000Z,2025-04-10,,,,2025-04-10 09:20:00-07:00
1744301100000,1.5659,4.2502,0,0,1,246,59.7,84,30.11,30.1837,418,376200,1590,1807200,59.7,54.86,2025-04-01T21:20:00.000Z,2025-04-10,4.42,,,2025-04-10 09:05:00-07:00
1744300200000,3.5791,6.0397,0,0,1,251,58.6,86,30.12,30.1939,371,333900,1219,1431000,58.6,54.42,2025-04-01T21:20:00.000Z,2025-04-10,,,,2025-04-10 08:50:00-07:00
1744299300000,4.9213,7.6056,0,0,1,268,57.6,87,30.13,30.204,318,286200,901,1097100,57.6,53.76,2025-04-01T21:20:00.000Z,2025-04-10,,,,2025-04-10 08:35:00-07:00
1744298400000,3.8028,7.1582,0,0,1,265,57.2,89,30.12,30.1941,273,245700,628,810900,57.2,53.99,2025-04-01T21:20:00.000Z,2025-04-10,,,,2025-04-10 08:20:00-07:00
1744297500000,0.0,1.5659,0,0,1,330,57.0,92,30.11,30.1841,235,211500,393,565200,57.0,54.7,2025-04-01T21:20:00.000Z,2025-04-10,4.24,,,2025-04-10 08:05:00-07:00
1744296600000,0.0,1.5659,0,0,1,330,54.7,94,30.11,30.1844,188,169200,205,353700,54.7,53.01,2025-04-01T21:20:00.000Z,2025-04-10,,,,2025-04-10 07:50:00-07:00
1744295700000,0.4474,2.2369,0,0,1,330,52.3,95,30.1,30.1747,139,125100,66,184500,52.3,50.91,2025-04-01T21:20:00.000Z,2025-04-10,,,,2025-04-10 07:35:00-07:00
1744294800000,0.6711,2.2369,0,0,1,330,51.4,96,30.09,30.1648,37,33300,29,59400,51.4,50.3,2025-04-01T21:20:00.000Z,2025-04-10,,,,2025-04-10 07:20:00-07:00
1744293900000,0.6711,2.6843,0,0,1,330,51.3,96,30.08,30.1548,19,17100,10,26100,51.3,50.2,2025-04-01T21:20:00.000Z,2025-04-10,4.23,,,2025-04-10 07:05:00-07:00
1744293000000,0.0,2.6843,0,0,1,330,50.9,96,30.08,30.1549,9,8100,1,9000,50.9,49.8,2025-04-01T21:20:00.000Z,2025-04-10,,,,2025-04-10 06:50:00-07:00
1744292100000,0.0,0.0,0,0,1,330,50.9,96,30.08,30.1549,1,900,0,900,50.9,49.8,2025-04-01T21:20:00.000Z,2025-04-10,,,,2025-04-10 06:35:00-07:00
1744291200000,0.4474,1.3422,0,0,1,330,50.9,96,30.08,30.1549,0,0,0,0,50.9,49.8,2025-04-01T21:20:00.000Z,2025-04-10,,,,2025-04-10 06:20:00-07:00
1744290300000,0.0,1.5659,0,0,1,330,51.4,96,30.08,30.1548,0,0,0,0,51.4,50.3,2025-04-01T21:20:00.000Z,2025-04-10,4.24,,,2025-04-10 06:05:00-07:00
1744289400000,0.0,0.0,0,0,1,330,51.3,95,30.07,30.1448,0,0,0,0,51.3,49.92,2025-04-01T21:20:00.000Z,2025-04-10,,,,2025-04-10 05:50:00-07:00
1744288500000,0.0,0.0,0,0,1,330,51.3,95,30.07,30.1448,0,0,0,0,51.3,49.92,2025-04-01T21:20:00.000Z,2025-04-10,,,,2025-04-10 05:35:00-07:00
1744287600000,0.0,1.1185,0,0,1,330,51.3,95,30.07,30.1448,0,0,0,0,51.3,49.92,2025-04-01T21:20:00.000Z,2025-04-10,,,,2025-04-10 05:20:00-07:00
1744286700000,0.2237,1.3422,0,0,1,330,51.8,95,30.06,30.1347,0,0,0,0,51.8,50.41,2025-04-01T21:20:00.000Z,2025-04-10,4.25,,,2025-04-10 05:05:00-07:00
1744285800000,0.4474,2.0132,0,0,1,330,52.3,95,30.06,30.1346,0,0,0,0,52.3,50.91,2025-04-01T21:20:00.000Z,2025-04-10,,,,2025-04-10 04:50:00-07:00
1744284900000,0.0,0.0,0,0,1,330,52.3,95,30.06,30.1346,0,0,0,0,52.3,50.91,2025-04-01T21:20:00.000Z,2025-04-10,,,,2025-04-10 04:35:00-07:00
1744284000000,0.0,0.0,0,0,1,330,52.7,94,30.06,30.1346,0,0,0,0,52.7,51.02,2025-04-01T21:20:00.000Z,2025-04-10,,,,2025-04-10 04:20:00-07:00
1744283100000,0.0,2.0132,0,0,1,330,53.1,94,30.06,30.1345,0,0,0,0,53.1,51.42,2025-04-01T21:20:00.000Z,2025-04-10,4.25,,,2025-04-10 04:05:00-07:00
1744282200000,0.0,1.1185,0,0,1,330,52.9,94,30.06,30.1346,0,0,0,0,52.9,51.22,2025-04-01T21:20:00.000Z,2025-04-10,,,,2025-04-10 03:50:00-07:00
1744281300000,0.0,0.0,0,0,1,330,53.1,94,30.06,30.1345,0,0,0,0,53.1,51.42,2025-04-01T21:20:00.000Z,2025-04-10,,,,2025-04-10 03:35:00-07:00
1744280400000,0.0,1.1185,0,0,1,330,53.6,93,30.06,30.1345,0,0,0,0,53.6,51.62,2025-04-01T21:20:00.000Z,2025-04-10,,,,2025-04-10 03:20:00-07:00
1744279500000,0.2237,2.2369,0,0,1,330,53.4,94,30.06,30.1345,0,0,0,0,53.4,51.72,2025-04-01T21:20:00.000Z,2025-04-10,4.26,,,2025-04-10 03:05:00-07:00
1744278600000,0.0,1.5659,0,0,1,330,53.4,94,30.06,30.1345,0,0,0,0,53.4,51.72,2025-04-01T21:20:00.000Z,2025-04-10,,,,2025-04-10 02:50:00-07:00
1744277700000,0.2237,1.5659,0,0,1,330,53.2,94,30.06,30.1345,0,0,0,0,53.2,51.52,2025-04-01T21:20:00.000Z,2025-04-10,,,,2025-04-10 02:35:00-07:00
1744276800000,0.0,0.0,0,0,1,330,53.2,94,30.06,30.1345,0,0,0,0,53.2,51.52,2025-04-01T21:20:00.000Z,2025-04-10,,,,2025-04-10 02:20:00-07:00
1744275900000,0.0,1.3422,0,0,1,330,53.4,94,30.07,30.1445,0,0,0,0,53.4,51.72,2025-04-01T21:20:00.000Z,2025-04-10,4.27,,,2025-04-10 02:05:00-07:00
1744275000000,0.0,1.1185,0,0,1,330,53.2,94,30.07,30.1445,0,0,0,0,53.2,51.52,2025-04-01T21:20:00.000Z,2025-04-10,,,,2025-04-10 01:50:00-07:00
1744274100000,0.0,0.0,0,0,1,330,53.2,93,30.07,30.1445,0,0,0,0,53.2,51.23,,2025-04-10,,America/Los_Angeles,True,2025-04-10 01:35:00-07:00
1744273200000,0.0,0.0,0,0,1,330,53.6,93,30.07,30.1445,0,0,0,0,53.6,51.62,2025-04-01T21:20:00.000Z,2025-04-10,4.28,,,2025-04-10 01:20:00-07:00
1744272300000,0.0,0.0,0,0,1,330,53.8,93,30.07,30.1444,0,0,0,0,53.8,51.82,2025-04-01T21:20:00.000Z,2025-04-10,,,,2025-04-10 01:05:00-07:00
1744271400000,0.0,0.0,0,0,1,330,54.0,92,30.07,30.1444,0,0,0,0,54.0,51.73,2025-04-01T21:20:00.000Z,2025-04-10,,,,2025-04-10 00:50:00-07:00
1744270500000,0.0,0.0,0,0,1,330,54.5,92,30.07,30.1443,0,0,0,0,54.5,52.22,,2025-04-10,,America/Los_Angeles,True,2025-04-10 00:35:00-07:00
1744269600000,0.2237,1.3422,0,0,1,330,55.0,92,30.07,30.1443,0,0,0,0,55.0,52.72,,2025-04-10,,America/Los_Angeles,True,2025-04-10 00:20:00-07:00
1744268700000,0.0,0.0,0,0,1,330,55.4,91,30.07,30.1442,0,0,0,0,55.4,52.82,2025-04-01T21:20:00.000Z,2025-04-10,,,,2025-04-10 00:05:00-07:00
