dateutc,windspeedmph,windgustmph,hourlyrainin,dailyrainin,trustdevicetime,winddir,tempf,humidity,baromabsin,baromrelin,solarradiation,sis,sds,solarradday,feelsLike,dewPoint,lastRain,date,batt1volts,local_time
1748414760000,1.3422,2.2369,0,0,1,221,57.7,91,29.99,30.0871,0,0,5004,4503600,57.7,55.09,2025-04-26T15:31:00.000Z,2025-05-27,,2025-05-27 23:46:00-07:00
1748413860000,1.5659,2.6843,0,0,1,221,57.7,91,29.99,30.0871,0,0,5004,4503600,57.7,55.09,2025-04-26T15:31:00.000Z,2025-05-27,,2025-05-27 23:31:00-07:00
1748412960000,0.6711,2.0132,0,0,1,221,57.6,91,30.0,30.0971,0,0,5004,4503600,57.6,54.99,2025-04-26T15:31:00.000Z,2025-05-27,,2025-05-27 23:16:00-07:00
1748412060000,0.6711,1.7895,0,0,1,221,57.0,91,29.99,30.0872,0,0,5004,4503600,57.0,54.4,2025-04-26T15:31:00.000Z,2025-05-27,4.24,2025-05-27 23:01:00-07:00
1748411160000,0.0,0.0,0,0,1,221,56.8,91,30.0,30.0973,0,0,5004,4503600,56.8,54.2,2025-04-26T15:31:00.000Z,2025-05-27,,2025-05-27 22:46:00-07:00
1748410260000,0.0,0.0,0,0,1,221,56.8,91,29.99,30.0872,0,0,5004,4503600,56.8,54.2,2025-04-26T15:31:00.000Z,2025-05-27,,2025-05-27 22:31:00-07:00
1748409360000,0.0,0.0,0,0,1,221,57.0,91,29.99,30.0872,0,0,5004,4503600,57.0,54.4,2025-04-26T15:31:00.000Z,2025-05-27,,2025-05-27 22:16:00-07:00
1748408460000,0.0,0.0,0,0,1,221,56.8,90,29.98,30.0772,0,0,5004,4503600,56.8,53.9,2025-04-26T15:31:00.000Z,2025-05-27,4.24,2025-05-27 22:01:00-07:00
1748407560000,0.0,0.0,0,0,1,221,57.2,90,29.98,30.0771,0,0,5004,4503600,57.2,54.29,2025-04-26T15:31:00.000Z,2025-05-27,,2025-05-27 21:46:00-07:00
1748406660000,0.0,0.0,0,0,1,221,57.2,90,29.98,30.0771,0,0,5004,4503600,57.2,54.29,2025-04-26T15:31:00.000Z,2025-05-27,,2025-05-27 21:31:00-07:00
1748405760000,0.0,0.0,0,0,1,221,57.4,89,29.97,30.067,0,0,5004,4503600,57.4,54.18,2025-04-26T15:31:00.000Z,2025-05-27,,2025-05-27 21:16:00-07:00
1748404860000,0.2237,1.7895,0,0,1,221,58.1,88,29.97,30.0669,0,0,5004,4503600,58.1,54.56,2025-04-26T15:31:00.000Z,2025-05-27,4.24,2025-05-27 21:01:00-07:00
1748403960000,0.0,0.0,0,0,1,221,58.8,88,29.97,30.0668,0,0,5004,4503600,58.8,55.25,2025-04-26T15:31:00.000Z,2025-05-27,,2025-05-27 20:46:00-07:00
1748403060000,0.4474,2.2369,0,0,1,221,59.2,88,29.97,30.0667,0,0,5004,4503600,59.2,55.65,2025-04-26T15:31:00.000Z,2025-05-27,,2025-05-27 20:31:00-07:00
1748402160000,0.6711,2.6843,0,0,1,221,59.7,85,29.97,30.0666,0,0,5004,4503600,59.7,55.18,2025-04-26T15:31:00.000Z,2025-05-27,,2025-05-27 20:16:00-07:00
1748401260000,0.0,1.5659,0,0,1,221,60.6,82,29.97,30.0664,1,480,5003,4503600,60.6,55.07,2025-04-26T15:31:00.000Z,2025-05-27,4.24,2025-05-27 20:01:00-07:00
1748400360000,0.0,0.0,0,0,1,221,61.0,82,29.97,30.0664,4,1680,4999,4502700,61.0,55.46,2025-04-26T15:31:00.000Z,2025-05-27,,2025-05-27 19:46:00-07:00
1748399460000,0.2237,2.0132,0,0,1,221,61.2,82,29.96,30.0563,7,3360,4992,4499100,61.2,55.66,2025-04-26T15:31:00.000Z,2025-05-27,,2025-05-27 19:31:00-07:00
1748398560000,0.0,1.3422,0,0,1,221,61.2,82,29.97,30.0663,10,4200,4982,4492800,61.2,55.66,2025-04-26T15:31:00.000Z,2025-05-27,,2025-05-27 19:16:00-07:00
1748397660000,1.3422,2.908,0,0,1,221,61.2,83,29.96,30.0563,15,7200,4967,4483800,61.2,55.99,2025-04-26T15:31:00.000Z,2025-05-27,4.25,2025-05-27 19:01:00-07:00
1748396760000,2.0132,3.3554,0,0,1,221,61.2,82,29.97,30.0663,21,8820,4946,4470300,61.2,55.66,2025-04-26T15:31:00.000Z,2025-05-27,,2025-05-27 18:46:00-07:00
1748395860000,0.6711,3.5791,0,0,1,221,61.2,82,29.97,30.0663,23,11040,4923,4451400,61.2,55.66,2025-04-26T15:31:00.000Z,2025-05-27,,2025-05-27 18:31:00-07:00
1748394960000,2.2369,3.8028,0,0,1,221,61.0,81,29.97,30.0664,26,10920,4897,4430700,61.0,55.12,2025-04-26T15:31:00.000Z,2025-05-27,,2025-05-27 18:16:00-07:00
1748394060000,1.3422,4.6976,0,0,1,221,61.2,80,29.97,30.0663,35,16800,4862,4407300,61.2,54.98,2025-04-26T15:31:00.000Z,2025-05-27,4.25,2025-05-27 18:01:00-07:00
1748393160000,1.3422,4.6976,0,0,1,221,61.2,80,29.98,30.0764,37,15540,4825,4375800,61.2,54.98,2025-04-26T15:31:00.000Z,2025-05-27,,2025-05-27 17:46:00-07:00
1748392260000,2.0132,6.2634,0,0,1,221,61.2,80,29.98,30.0764,43,20640,4782,4342500,61.2,54.98,2025-04-26T15:31:00.000Z,2025-05-27,,2025-05-27 17:31:00-07:00
1748391360000,2.908,6.0397,0,0,1,221,61.5,79,29.98,30.0763,42,17640,4740,4303800,61.5,54.92,2025-04-26T15:31:00.000Z,2025-05-27,,2025-05-27 17:16:00-07:00
1748390460000,2.6843,5.5923,0,0,1,221,62.2,78,29.99,30.0862,49,23520,4691,4266000,62.2,55.25,2025-04-26T15:31:00.000Z,2025-05-27,4.27,2025-05-27 17:01:00-07:00
1748389560000,3.1317,7.1582,0,0,1,221,62.2,78,29.99,30.0862,51,21420,4640,4221900,62.2,55.25,2025-04-26T15:31:00.000Z,2025-05-27,,2025-05-27 16:46:00-07:00
1748388660000,3.5791,7.6056,0,0,1,216,62.6,77,29.99,30.0861,63,30240,4577,4176000,62.6,55.28,2025-04-26T15:31:00.000Z,2025-05-27,,2025-05-27 16:31:00-07:00
1748387760000,2.6843,5.3686,0,0,1,230,63.1,77,29.99,30.0861,74,31080,4503,4119300,63.1,55.77,2025-04-26T15:31:00.000Z,2025-05-27,,2025-05-27 16:16:00-07:00
1748386860000,3.1317,7.3819,0,0,1,215,63.0,77,29.98,30.076,66,31680,4437,4052700,63.0,55.67,2025-04-26T15:31:00.000Z,2025-05-27,4.29,2025-05-27 16:01:00-07:00
1748385960000,2.2369,6.2634,0,0,1,210,63.0,78,29.98,30.076,108,45360,4329,3993300,63.0,56.03,2025-04-26T15:31:00.000Z,2025-05-27,,2025-05-27 15:46:00-07:00
1748385060000,2.6843,6.2634,0,0,1,226,63.3,77,29.98,30.076,162,77760,4167,3896100,63.3,55.96,2025-04-26T15:31:00.000Z,2025-05-27,,2025-05-27 15:31:00-07:00
1748384160000,2.0132,6.4871,0,0,1,237,64.0,77,29.98,30.0759,80,33600,4087,3750300,64.0,56.64,2025-04-26T15:31:00.000Z,2025-05-27,,2025-05-27 15:16:00-07:00
1748383260000,2.4606,7.3819,0,0,1,222,64.0,77,29.99,30.0859,68,32640,4019,3678300,64.0,56.64,2025-04-26T15:31:00.000Z,2025-05-27,4.3,2025-05-27 15:01:00-07:00
1748382360000,2.908,6.4871,0,0,1,226,64.4,77,29.98,30.0758,70,29400,3949,3617100,64.4,57.03,2025-04-26T15:31:00.000Z,2025-05-27,,2025-05-27 14:46:00-07:00
1748381460000,2.6843,6.9345,0,0,1,220,65.3,76,29.98,30.0756,76,36480,3873,3554100,65.3,57.53,2025-04-26T15:31:00.000Z,2025-05-27,,2025-05-27 14:31:00-07:00
1748380560000,2.0132,6.9345,0,0,1,231,65.8,76,29.99,30.0856,93,39060,3780,3485700,65.8,58.02,2025-04-26T15:31:00.000Z,2025-05-27,,2025-05-27 14:16:00-07:00
1748379660000,1.7895,6.2634,0,0,1,214,65.8,75,29.99,30.0856,255,122400,3525,3402000,65.8,57.65,2025-04-26T15:31:00.000Z,2025-05-27,4.33,2025-05-27 14:01:00-07:00
1748378760000,3.3554,5.5923,0,0,1,214,65.1,76,29.99,30.0857,94,39480,3431,3172500,65.1,57.34,2025-04-26T15:31:00.000Z,2025-05-27,,2025-05-27 13:46:00-07:00
1748377860000,3.5791,5.3686,0,0,1,214,65.1,76,29.99,30.0857,122,58560,3309,3087900,65.1,57.34,2025-04-26T15:31:00.000Z,2025-05-27,,2025-05-27 13:31:00-07:00
1748376960000,3.5791,5.145,0,0,1,214,65.5,75,29.99,30.0856,127,53340,3182,2978100,65.5,57.36,2025-04-26T15:31:00.000Z,2025-05-27,,2025-05-27 13:16:00-07:00
1748376060000,2.6843,4.2502,0,0,1,214,66.0,75,29.99,30.0855,188,90240,2994,2863800,66.0,57.84,2025-04-26T15:31:00.000Z,2025-05-27,4.51,2025-05-27 13:01:00-07:00
1748375160000,2.4606,4.2502,0,0,1,214,64.8,77,29.99,30.0857,356,149520,2638,2694600,64.8,57.41,2025-04-26T15:31:00.000Z,2025-05-27,,2025-05-27 12:46:00-07:00
1748374260000,2.4606,4.2502,0,0,1,214,63.9,78,30.0,30.0959,367,176160,2271,2374200,63.9,56.9,2025-04-26T15:31:00.000Z,2025-05-27,,2025-05-27 12:31:00-07:00
1748373360000,2.4606,4.2502,0,0,1,214,63.3,80,30.0,30.096,315,132300,1956,2043900,63.3,57.02,2025-04-26T15:31:00.000Z,2025-05-27,,2025-05-27 12:16:00-07:00
1748372460000,2.0132,4.2502,0,0,1,214,62.8,81,30.01,30.1062,256,122880,1700,1760400,62.8,56.88,2025-04-26T15:31:00.000Z,2025-05-27,4.31,2025-05-27 12:01:00-07:00
1748371560000,1.7895,3.8028,0,0,1,214,62.6,82,30.01,30.1062,197,82740,1503,1530000,62.6,57.02,2025-04-26T15:31:00.000Z,2025-05-27,,2025-05-27 11:46:00-07:00
1748370660000,1.7895,3.5791,0,0,1,214,62.4,81,30.01,30.1062,178,85440,1325,1352700,62.4,56.49,2025-04-26T15:31:00.000Z,2025-05-27,,2025-05-27 11:31:00-07:00
1748369760000,1.7895,3.3554,0,0,1,214,62.8,80,30.01,30.1062,136,57120,1189,1192500,62.8,56.53,2025-04-26T15:31:00.000Z,2025-05-27,,2025-05-27 11:16:00-07:00
1748368860000,1.5659,2.908,0,0,1,214,61.9,82,30.01,30.1063,122,58560,1067,1070100,61.9,56.34,2025-04-26T15:31:00.000Z,2025-05-27,4.25,2025-05-27 11:01:00-07:00
1748367960000,1.7895,2.6843,0,0,1,214,61.0,84,30.01,30.1065,108,45360,959,960300,61.0,56.13,2025-04-26T15:31:00.000Z,2025-05-27,,2025-05-27 10:46:00-07:00
1748367060000,1.3422,2.908,0,0,1,214,61.0,85,30.01,30.1065,94,45120,865,863100,61.0,56.45,2025-04-26T15:31:00.000Z,2025-05-27,,2025-05-27 10:31:00-07:00
1748366160000,2.0132,3.1317,0,0,1,214,60.8,85,30.01,30.1065,102,42840,763,778500,60.8,56.26,2025-04-26T15:31:00.000Z,2025-05-27,,2025-05-27 10:16:00-07:00
1748365260000,2.0132,3.1317,0,0,1,214,60.8,85,30.01,30.1065,89,42720,674,686700,60.8,56.26,2025-04-26T15:31:00.000Z,2025-05-27,4.25,2025-05-27 10:01:00-07:00
1748364360000,1.3422,2.4606,0,0,1,214,60.6,85,30.01,30.1066,89,37380,585,606600,60.6,56.06,2025-04-26T15:31:00.000Z,2025-05-27,,2025-05-27 09:46:00-07:00
1748363460000,1.5659,2.6843,0,0,1,214,60.4,85,30.01,30.1066,81,38880,504,526500,60.4,55.87,2025-04-26T15:31:00.000Z,2025-05-27,,2025-05-27 09:31:00-07:00
1748362560000,1.7895,2.4606,0,0,1,214,60.3,86,30.01,30.1066,76,31920,428,453600,60.3,56.09,2025-04-26T15:31:00.000Z,2025-05-27,,2025-05-27 09:16:00-07:00
1748361660000,2.0132,2.6843,0,0,1,214,60.6,86,30.01,30.1066,71,34080,357,385200,60.6,56.39,2025-04-26T15:31:00.000Z,2025-05-27,4.24,2025-05-27 09:01:00-07:00
1748360760000,0.4474,2.4606,0,0,1,214,60.8,85,30.01,30.1065,66,27720,291,321300,60.8,56.26,2025-04-26T15:31:00.000Z,2025-05-27,,2025-05-27 08:46:00-07:00
1748359860000,0.0,0.0,0,0,1,214,60.3,86,30.01,30.1066,53,25440,238,261900,60.3,56.09,2025-04-26T15:31:00.000Z,2025-05-27,,2025-05-27 08:31:00-07:00
1748358960000,0.0,1.1185,0,0,1,214,59.9,86,30.01,30.1067,44,18480,194,214200,59.9,55.7,2025-04-26T15:31:00.000Z,2025-05-27,,2025-05-27 08:16:00-07:00
1748358060000,0.0,0.0,0,0,1,214,59.2,87,30.0,30.0968,47,22560,147,174600,59.2,55.33,2025-04-26T15:31:00.000Z,2025-05-27,4.23,2025-05-27 08:01:00-07:00
1748357160000,0.0,1.3422,0,0,1,214,58.3,89,30.0,30.097,36,15120,111,132300,58.3,55.07,2025-04-26T15:31:00.000Z,2025-05-27,,2025-05-27 07:46:00-07:00
1748356260000,0.0,1.3422,0,0,1,214,56.5,93,30.0,30.0973,31,14880,80,99900,56.5,54.5,2025-04-26T15:31:00.000Z,2025-05-27,,2025-05-27 07:31:00-07:00
1748355360000,0.0,0.0,0,0,1,214,54.5,95,30.0,30.0977,33,13860,47,72000,54.5,53.1,2025-04-26T15:31:00.000Z,2025-05-27,,2025-05-27 07:16:00-07:00
1748354460000,0.0,0.0,0,0,1,214,53.2,94,30.0,30.0979,24,11520,23,42300,53.2,51.52,2025-04-26T15:31:00.000Z,2025-05-27,4.23,2025-05-27 07:01:00-07:00
1748353560000,0.0,0.0,0,0,1,214,52.7,94,29.99,30.088,13,5460,10,20700,52.7,51.02,2025-04-26T15:31:00.000Z,2025-05-27,,2025-05-27 06:46:00-07:00
1748352660000,0.0,0.0,0,0,1,214,52.7,94,29.98,30.078,7,3360,3,9000,52.7,51.02,2025-04-26T15:31:00.000Z,2025-05-27,,2025-05-27 06:31:00-07:00
1748351760000,0.0,0.0,0,0,1,214,52.5,94,29.98,30.078,3,1260,0,2700,52.5,50.82,2025-04-26T15:31:00.000Z,2025-05-27,,2025-05-27 06:16:00-07:00
1748350860000,0.0,0.0,0,0,1,214,52.5,93,29.97,30.068,0,0,0,0,52.5,50.53,2025-04-26T15:31:00.000Z,2025-05-27,4.23,2025-05-27 06:01:00-07:00
1748349960000,0.0,0.0,0,0,1,214,52.5,92,29.97,30.068,0,0,0,0,52.5,50.24,2025-04-26T15:31:00.000Z,2025-05-27,,2025-05-27 05:46:00-07:00
1748349060000,0.0,0.0,0,0,1,214,52.7,92,29.96,30.0579,0,0,0,0,52.7,50.44,2025-04-26T15:31:00.000Z,2025-05-27,,2025-05-27 05:31:00-07:00
1748348160000,0.0,0.0,0,0,1,214,52.7,93,29.96,30.0579,0,0,0,0,52.7,50.73,2025-04-26T15:31:00.000Z,2025-05-27,,2025-05-27 05:16:00-07:00
1748347260000,0.0,0.0,0,0,1,214,52.9,92,29.96,30.0579,0,0,0,0,52.9,50.64,2025-04-26T15:31:00.000Z,2025-05-27,4.24,2025-05-27 05:01:00-07:00
1748346360000,0.0,0.0,0,0,1,214,52.7,91,29.96,30.0579,0,0,0,0,52.7,50.15,2025-04-26T15:31:00.000Z,2025-05-27,,2025-05-27 04:46:00-07:00
1748345460000,0.0,0.0,0,0,1,214,52.7,90,29.96,30.0579,0,0,0,0,52.7,49.85,2025-04-26T15:31:00.000Z,2025-05-27,,2025-05-27 04:31:00-07:00
1748344560000,0.0,0.0,0,0,1,214,53.1,90,29.95,30.0478,0,0,0,0,53.1,50.24,2025-04-26T15:31:00.000Z,2025-05-27,,2025-05-27 04:16:00-07:00
1748343660000,0.0,0.0,0,0,1,214,53.4,91,29.95,30.0477,0,0,0,0,53.4,50.84,2025-04-26T15:31:00.000Z,2025-05-27,4.24,2025-05-27 04:01:00-07:00
1748342760000,0.0,0.0,0,0,1,214,53.6,92,29.95,30.0477,0,0,0,0,53.6,51.33,2025-04-26T15:31:00.000Z,2025-05-27,,2025-05-27 03:46:00-07:00
1748341860000,0.0,0.0,0,0,1,214,53.8,92,29.95,30.0477,0,0,0,0,53.8,51.53,2025-04-26T15:31:00.000Z,2025-05-27,,2025-05-27 03:31:00-07:00
1748340960000,0.0,0.0,0,0,1,214,54.0,92,29.95,30.0476,0,0,0,0,54.0,51.73,2025-04-26T15:31:00.000Z,2025-05-27,,2025-05-27 03:16:00-07:00
1748340060000,0.0,0.0,0,0,1,214,54.0,91,29.95,30.0476,0,0,0,0,54.0,51.43,2025-04-26T15:31:00.000Z,2025-05-27,4.25,2025-05-27 03:01:00-07:00
1748339160000,0.0,0.0,0,0,1,214,53.8,89,29.95,30.0477,0,0,0,0,53.8,50.63,2025-04-26T15:31:00.000Z,2025-05-27,,2025-05-27 02:46:00-07:00
1748338260000,0.0,0.0,0,0,1,214,53.8,87,29.96,30.0577,0,0,0,0,53.8,50.02,2025-04-26T15:31:00.000Z,2025-05-27,,2025-05-27 02:31:00-07:00
1748337360000,0.0,0.0,0,0,1,214,54.1,88,29.95,30.0476,0,0,0,0,54.1,50.62,2025-04-26T15:31:00.000Z,2025-05-27,,2025-05-27 02:16:00-07:00
1748336460000,0.0,0.0,0,0,1,214,55.2,88,29.95,30.0474,0,0,0,0,55.2,51.71,2025-04-26T15:31:00.000Z,2025-05-27,4.25,2025-05-27 02:01:00-07:00
1748335560000,0.0,0.0,0,0,1,214,55.4,88,29.96,30.0574,0,0,0,0,55.4,51.9,2025-04-26T15:31:00.000Z,2025-05-27,,2025-05-27 01:46:00-07:00
1748334660000,0.0,0.0,0,0,1,214,55.8,89,29.96,30.0573,0,0,0,0,55.8,52.61,2025-04-26T15:31:00.000Z,2025-05-27,,2025-05-27 01:31:00-07:00
1748333760000,0.0,0.0,0,0,1,214,56.1,90,29.96,30.0573,0,0,0,0,56.1,53.21,2025-04-26T15:31:00.000Z,2025-05-27,,2025-05-27 01:16:00-07:00
1748332860000,0.0,0.0,0,0,1,214,56.5,90,29.97,30.0672,0,0,0,0,56.5,53.6,2025-04-26T15:31:00.000Z,2025-05-27,4.26,2025-05-27 01:01:00-07:00
1748331960000,0.0,0.0,0,0,1,214,56.8,90,29.97,30.0672,0,0,0,0,56.8,53.9,2025-04-26T15:31:00.000Z,2025-05-27,,2025-05-27 00:46:00-07:00
1748331060000,0.0,0.0,0,0,1,214,57.0,89,29.97,30.0671,0,0,0,0,57.0,53.79,2025-04-26T15:31:00.000Z,2025-05-27,,2025-05-27 00:31:00-07:00
1748330160000,0.0,0.0,0,0,1,214,57.4,90,29.97,30.067,0,0,0,0,57.4,54.49,2025-04-26T15:31:00.000Z,2025-05-27,,2025-05-27 00:16:00-07:00
1748329260000,0.0,0.0,0,0,1,214,57.9,89,29.97,30.067,0,0,0,0,57.9,54.68,2025-04-26T15:31:00.000Z,2025-05-27,4.27,2025-05-27 00:01:00-07:00
