dateutc,windspeedmph,windgustmph,hourlyrainin,dailyrainin,trustdevicetime,winddir,tempf,humidity,baromabsin,baromrelin,solarradiation,sis,sds,solarradday,feelsLike,dewPoint,date,batt1volts,tz,historical,local_time
1740901740000,0.0,0.0,0,0,1,39,54.9,88,30.08,30.1543,0,0,16872,15184800,54.9,51.41,2025-03-01,,,,2025-03-01 23:49:00-08:00
1740900840000,0.0,0.0,0,0,1,39,54.5,89,30.08,30.1544,0,0,16872,15184800,54.5,51.32,2025-03-01,,,,2025-03-01 23:34:00-08:00
1740899940000,0.0,0.0,0,0,1,39,53.8,91,30.06,30.1344,0,0,16872,15184800,53.8,51.23,2025-03-01,,,,2025-03-01 23:19:00-08:00
1740899040000,0.0,1.5659,0,0,1,39,52.7,91,30.05,30.1246,0,0,16872,15184800,52.7,50.15,2025-03-01,4.29,,,2025-03-01 23:04:00-08:00
1740898140000,0.4474,2.0132,0,0,1,39,53.2,90,30.05,30.1245,0,0,16872,15184800,53.2,50.34,2025-03-01,,,,2025-03-01 22:49:00-08:00
1740897240000,0.0,0.0,0,0,1,39,53.8,89,30.04,30.1144,0,0,16872,15184800,53.8,50.63,2025-03-01,,,,2025-03-01 22:34:00-08:00
1740896340000,0.2237,2.0132,0,0,1,39,54.5,88,30.02,30.0942,0,0,16872,15184800,54.5,51.02,2025-03-01,,,,2025-03-01 22:19:00-08:00
1740895440000,0.6711,4.2502,0,0,1,22,54.7,88,30.01,30.0842,0,0,16872,15184800,54.7,51.22,2025-03-01,4.3,,,2025-03-01 22:04:00-08:00
1740894540000,2.0132,6.4871,0,0,1,88,54.9,87,30.01,30.0841,0,0,16872,15184800,54.9,51.1,2025-03-01,,,,2025-03-01 21:49:00-08:00
1740893640000,1.7895,6.4871,0,0,1,104,54.3,88,30.01,30.0842,0,0,16872,15184800,54.3,50.82,2025-03-01,,,,2025-03-01 21:34:00-08:00
1740892740000,0.0,2.2369,0,0,1,343,54.0,89,30.0,30.0742,0,0,16872,15184800,54.0,50.83,2025-03-01,,,,2025-03-01 21:19:00-08:00
1740891840000,0.4474,4.0265,0,0,1,96,54.3,88,29.99,30.0642,0,0,16872,15184800,54.3,50.82,2025-03-01,4.3,,,2025-03-01 21:04:00-08:00
1740890940000,0.8948,4.6976,0,0,1,102,54.7,88,29.98,30.0541,0,0,16872,15184800,54.7,51.22,2025-03-01,,,,2025-03-01 20:49:00-08:00
1740890040000,2.0132,7.8293,0,0,1,101,54.9,88,29.97,30.044,0,0,16872,15184800,54.9,51.41,2025-03-01,,,,2025-03-01 20:34:00-08:00
1740889140000,1.7895,7.6056,0,0,1,65,54.9,87,29.98,30.0541,0,0,16872,15184800,54.9,51.1,2025-03-01,,,,2025-03-01 20:19:00-08:00
1740888240000,2.2369,7.8293,0,0,1,83,55.0,86,29.98,30.0541,0,0,16872,15184800,55.0,50.89,2025-03-01,4.31,,,2025-03-01 20:04:00-08:00
1740887340000,2.2369,6.2634,0,0,1,90,55.4,85,29.98,30.054,0,0,16872,15184800,55.4,50.97,2025-03-01,,,,2025-03-01 19:49:00-08:00
1740886440000,3.5791,10.7373,0,0,1,94,55.6,85,29.98,30.054,0,0,16872,15184800,55.6,51.16,2025-03-01,,,,2025-03-01 19:34:00-08:00
1740885540000,3.8028,10.5136,0,0,1,101,55.6,87,29.98,30.054,0,0,16872,15184800,55.6,51.79,2025-03-01,,,,2025-03-01 19:19:00-08:00
1740884640000,4.6976,12.0795,0,0,1,104,55.8,87,29.98,30.0539,0,0,16872,15184800,55.8,51.99,2025-03-01,4.32,,,2025-03-01 19:04:00-08:00
1740883740000,4.4739,9.8425,0,0,1,113,55.9,85,29.97,30.0439,0,0,16872,15184800,55.9,51.46,2025-03-01,,,,2025-03-01 18:49:00-08:00
1740882840000,3.3554,9.3951,0,0,1,96,56.1,84,29.97,30.0439,0,0,16872,15184800,56.1,51.33,2025-03-01,,,,2025-03-01 18:34:00-08:00
1740881940000,4.0265,9.8425,0,0,1,125,56.3,82,29.97,30.0438,0,0,16872,15184800,56.3,50.87,2025-03-01,,,,2025-03-01 18:19:00-08:00
1740881040000,4.6976,12.7505,0,0,1,123,56.8,79,29.96,30.0337,0,0,16872,15184800,56.8,50.36,2025-03-01,4.32,,,2025-03-01 18:04:00-08:00
1740880140000,2.0132,6.7108,0,0,1,83,57.6,78,29.95,30.0236,5,4500,16867,15184800,57.6,50.79,2025-03-01,,,,2025-03-01 17:49:00-08:00
1740879240000,3.1317,8.7241,0,0,1,90,57.7,78,29.96,30.0336,15,13500,16852,15180300,57.7,50.89,2025-03-01,,,,2025-03-01 17:34:00-08:00
1740878340000,1.1185,4.6976,0,0,1,47,57.7,80,29.97,30.0436,39,35100,16813,15166800,57.7,51.57,2025-03-01,,,,2025-03-01 17:19:00-08:00
1740877440000,0.6711,6.9345,0,0,1,226,58.1,81,29.96,30.0336,67,60300,16577,14979600,58.1,52.3,2025-03-01,4.38,,,2025-03-01 17:04:00-08:00
1740876540000,5.5923,10.7373,0,0,1,137,57.7,83,29.95,30.0236,169,152100,16644,15071400,57.7,52.57,2025-03-01,,America/Los_Angeles,True,2025-03-01 16:49:00-08:00
1740875640000,7.8293,14.7638,0,0,1,150,57.7,83,29.92,29.9935,151,135900,16426,14919300,57.7,52.57,2025-03-01,,,,2025-03-01 16:34:00-08:00
1740874740000,6.9345,12.9742,0,0,1,119,58.8,79,29.91,29.9833,184,165600,16242,14783400,58.8,52.3,2025-03-01,4.38,,,2025-03-01 16:19:00-08:00
1740873840000,7.1582,11.6321,0,0,1,143,58.6,80,29.91,29.9834,213,191700,16029,14617800,58.6,52.45,2025-03-01,,,,2025-03-01 16:04:00-08:00
1740872940000,5.816,10.2899,0,0,1,153,60.3,75,29.91,29.9831,263,236700,15766,14426100,60.3,52.34,2025-03-01,,,,2025-03-01 15:49:00-08:00
1740872040000,6.2634,10.5136,0,0,1,159,61.7,70,29.91,29.9829,388,349200,15378,14189400,61.7,51.81,2025-03-01,,,,2025-03-01 15:34:00-08:00
1740871140000,4.4739,7.6056,0,0,1,164,62.1,70,29.91,29.9829,434,390600,14944,13840200,62.1,52.2,2025-03-01,4.4,,,2025-03-01 15:19:00-08:00
1740870240000,1.3422,4.4739,0,0,1,163,61.3,71,29.92,29.993,470,423000,14474,13449600,61.3,51.81,2025-03-01,,,,2025-03-01 15:04:00-08:00
1740869340000,4.2502,8.053,0,0,1,220,60.3,73,29.93,30.0032,506,455400,13968,13026600,60.3,51.61,2025-03-01,,,,2025-03-01 14:49:00-08:00
1740868440000,4.6976,11.4084,0,0,1,258,60.4,72,29.93,30.0032,540,486000,13428,12571200,60.4,51.33,2025-03-01,,,,2025-03-01 14:34:00-08:00
1740867540000,8.2767,21.0272,0,0,1,273,59.5,76,29.94,30.0133,392,352800,13036,12085200,59.5,51.93,2025-03-01,4.4,,,2025-03-01 14:19:00-08:00
1740866640000,10.0662,17.0007,0,0,1,262,59.9,76,29.94,30.0133,488,439200,12548,11732400,59.9,52.31,2025-03-01,,,,2025-03-01 14:04:00-08:00
1740865740000,10.0662,17.2244,0,0,1,257,59.7,79,29.94,30.0133,521,468900,12027,11293200,59.7,53.17,2025-03-01,,,,2025-03-01 13:49:00-08:00
1740864840000,10.2899,16.777,0,0,1,248,60.1,78,29.94,30.0132,385,346500,11642,10824300,60.1,53.21,2025-03-01,,,,2025-03-01 13:34:00-08:00
1740863940000,6.7108,10.2899,0,0,1,216,60.6,77,29.92,29.9931,716,644400,10926,10477800,60.6,53.35,2025-03-01,4.4,,,2025-03-01 13:19:00-08:00
1740863040000,5.816,9.1714,0,0,1,210,60.3,77,29.92,29.9931,696,626400,10230,9833400,60.3,53.06,2025-03-01,,,,2025-03-01 13:04:00-08:00
1740862140000,4.6976,8.7241,0,0,1,185,60.6,76,29.92,29.9931,700,630000,8442,8227800,60.6,52.99,2025-03-01,,,,2025-03-01 12:49:00-08:00
1740861240000,7.6056,10.7373,0,0,1,249,59.7,78,29.94,30.0133,648,583200,9142,8577000,59.7,52.83,2025-03-01,,America/Los_Angeles,True,2025-03-01 12:34:00-08:00
1740860340000,7.1582,11.4084,0,0,1,238,59.4,78,29.94,30.0133,440,396000,9142,7993800,59.4,52.54,2025-03-01,4.41,America/Los_Angeles,True,2025-03-01 12:19:00-08:00
1740859440000,5.145,7.8293,0,0,1,195,60.8,76,29.93,30.0031,603,542700,7839,7597800,60.8,53.18,2025-03-01,,,,2025-03-01 12:04:00-08:00
1740858540000,4.4739,7.6056,0,0,1,214,60.1,78,29.93,30.0032,639,575100,7200,7055100,60.1,53.21,2025-03-01,,,,2025-03-01 11:49:00-08:00
1740857640000,5.816,8.2767,0,0,1,212,59.9,77,29.94,30.0133,531,477900,6669,6480000,59.9,52.67,2025-03-01,4.43,,,2025-03-01 11:34:00-08:00
1740856740000,4.9213,8.053,0,0,1,201,59.7,78,29.94,30.0133,617,555300,6052,6002100,59.7,52.83,2025-03-01,,,,2025-03-01 11:19:00-08:00
1740855840000,5.3686,8.5004,0,0,1,165,60.4,76,29.94,30.0132,543,488700,5509,5446800,60.4,52.8,2025-03-01,,,,2025-03-01 11:04:00-08:00
1740854940000,6.0397,9.6188,0,0,1,159,60.6,75,29.93,30.0031,645,580500,4864,4958100,60.6,52.63,2025-03-01,,,,2025-03-01 10:49:00-08:00
1740854040000,6.0397,10.5136,0,0,1,163,60.3,76,29.94,30.0132,622,559800,4242,4377600,60.3,52.7,2025-03-01,4.51,,,2025-03-01 10:34:00-08:00
1740853140000,7.6056,11.8558,0,0,1,148,60.4,75,29.94,30.0132,594,534600,3648,3817800,60.4,52.44,2025-03-01,,,,2025-03-01 10:19:00-08:00
1740852240000,8.053,12.9742,0,0,1,128,60.3,75,29.93,30.0032,562,505800,3086,3283200,60.3,52.34,2025-03-01,,,,2025-03-01 10:04:00-08:00
1740851340000,8.5004,13.869,0,0,1,128,60.3,76,29.93,30.0032,536,482400,2550,2777400,60.3,52.7,2025-03-01,,,,2025-03-01 09:49:00-08:00
1740850440000,6.2634,12.0795,0,0,1,114,60.6,75,29.93,30.0031,497,447300,2053,2295000,60.6,52.63,2025-03-01,4.62,,,2025-03-01 09:34:00-08:00
1740849540000,4.9213,12.7505,0,0,1,107,60.3,76,29.94,30.0132,431,387900,1622,1847700,60.3,52.7,2025-03-01,,,,2025-03-01 09:19:00-08:00
1740848640000,4.4739,11.8558,0,0,1,92,59.4,78,29.94,30.0133,338,304200,1284,1459800,59.4,52.54,2025-03-01,,,,2025-03-01 09:04:00-08:00
1740847740000,5.3686,13.4216,0,0,1,102,59.2,79,29.94,30.0134,376,338400,908,1155600,59.2,52.69,2025-03-01,,,,2025-03-01 08:49:00-08:00
1740846840000,3.3554,12.0795,0,0,1,108,57.9,82,29.95,30.0236,281,252900,627,817200,57.9,52.44,2025-03-01,4.41,,,2025-03-01 08:34:00-08:00
1740845940000,1.7895,7.3819,0,0,1,325,56.5,85,29.94,30.0137,185,166500,442,564300,56.5,52.04,2025-03-01,,,,2025-03-01 08:19:00-08:00
1740845040000,3.3554,12.0795,0,0,1,93,56.1,87,29.92,29.9937,101,90900,341,397800,56.1,52.28,2025-03-01,,,,2025-03-01 08:04:00-08:00
1740844140000,2.908,9.1714,0,0,1,98,55.8,88,29.92,29.9938,117,105300,19,122400,55.8,52.3,2025-03-01,,,,2025-03-01 07:49:00-08:00
1740843240000,2.4606,6.4871,0,0,1,94,55.2,89,29.91,29.9839,90,81000,136,201600,55.2,52.01,2025-03-01,4.25,America/Los_Angeles,True,2025-03-01 07:34:00-08:00
1740842340000,2.2369,6.7108,0,0,1,91,54.9,90,29.91,29.9839,66,59400,136,120600,54.9,52.02,2025-03-01,,America/Los_Angeles,True,2025-03-01 07:19:00-08:00
1740841440000,1.1185,4.4739,0,0,1,45,54.3,91,29.91,29.984,49,44100,136,61200,54.3,51.73,2025-03-01,4.25,America/Los_Angeles,True,2025-03-01 07:04:00-08:00
1740840540000,0.2237,2.908,0,0,1,40,54.0,91,29.91,29.984,16,14400,3,17100,54.0,51.43,2025-03-01,,,,2025-03-01 06:49:00-08:00
1740839640000,1.3422,6.7108,0,0,1,79,53.8,92,29.9,29.974,3,2700,0,2700,53.8,51.53,2025-03-01,,,,2025-03-01 06:34:00-08:00
1740838740000,2.2369,8.7241,0,0,1,96,53.8,93,29.89,29.964,0,0,0,0,53.8,51.82,2025-03-01,4.25,,,2025-03-01 06:19:00-08:00
1740837840000,1.7895,6.9345,0,0,1,61,54.1,93,29.89,29.964,0,0,0,0,54.1,52.12,2025-03-01,,,,2025-03-01 06:04:00-08:00
1740836940000,3.1317,8.2767,0,0,1,87,54.1,93,29.88,29.9539,0,0,0,0,54.1,52.12,2025-03-01,,,,2025-03-01 05:49:00-08:00
1740836040000,3.3554,9.6188,0,0,1,101,54.0,94,29.88,29.9539,0,0,0,0,54.0,52.31,2025-03-01,,,,2025-03-01 05:34:00-08:00
1740835140000,2.2369,7.1582,0,0,1,106,53.8,93,29.87,29.944,0,0,0,0,53.8,51.82,2025-03-01,4.25,,,2025-03-01 05:19:00-08:00
1740834240000,3.8028,8.5004,0,0,1,113,53.8,92,29.87,29.944,0,0,0,0,53.8,51.53,2025-03-01,,America/Los_Angeles,True,2025-03-01 05:04:00-08:00
1740833340000,3.8028,10.5136,0,0,1,110,53.8,91,29.87,29.944,0,0,0,0,53.8,51.23,2025-03-01,,,,2025-03-01 04:49:00-08:00
1740832440000,2.2369,8.5004,0,0,1,88,53.6,91,29.87,29.944,0,0,0,0,53.6,51.04,2025-03-01,4.26,,,2025-03-01 04:34:00-08:00
1740831540000,2.4606,8.9477,0,0,1,111,53.8,91,29.86,29.9339,0,0,0,0,53.8,51.23,2025-03-01,,,,2025-03-01 04:19:00-08:00
1740830640000,0.0,2.0132,0,0,1,261,54.3,90,29.87,29.9439,0,0,0,0,54.3,51.43,2025-03-01,,,,2025-03-01 04:04:00-08:00
1740829740000,3.1317,8.053,0,0,1,264,54.9,89,29.87,29.9438,0,0,0,0,54.9,51.72,2025-03-01,,,,2025-03-01 03:49:00-08:00
1740828840000,6.0397,9.8425,0,0,1,272,55.0,87,29.88,29.9538,0,0,0,0,55.0,51.2,2025-03-01,4.24,,,2025-03-01 03:34:00-08:00
1740827940000,2.908,11.1847,0,0,1,264,55.0,89,29.89,29.9638,0,0,0,0,55.0,51.82,2025-03-01,,,,2025-03-01 03:19:00-08:00
1740827040000,6.0397,12.0795,0,0,1,267,54.1,92,29.9,29.974,0,0,0,0,54.1,51.83,2025-03-01,,,,2025-03-01 03:04:00-08:00
1740826140000,0.6711,2.6843,0,0,1,214,54.0,92,29.91,29.984,0,0,0,0,54.0,51.73,2025-03-01,,,,2025-03-01 02:49:00-08:00
1740825240000,0.0,2.2369,0,0,1,214,54.3,91,29.9,29.974,0,0,0,0,54.3,51.73,2025-03-01,4.27,,,2025-03-01 02:34:00-08:00
1740824340000,1.5659,6.0397,0,0,1,203,54.3,92,29.9,29.974,0,0,0,0,54.3,52.02,2025-03-01,,,,2025-03-01 02:19:00-08:00
1740823440000,1.3422,4.9213,0,0,1,291,54.3,92,29.92,29.994,0,0,0,0,54.3,52.02,2025-03-01,,,,2025-03-01 02:04:00-08:00
1740822540000,1.7895,10.5136,0,0,1,50,54.3,92,29.93,30.004,0,0,0,0,54.3,52.02,2025-03-01,,,,2025-03-01 01:49:00-08:00
1740821640000,0.8948,5.3686,0,0,1,91,54.3,92,29.93,30.004,0,0,0,0,54.3,52.02,2025-03-01,4.27,,,2025-03-01 01:34:00-08:00
1740820740000,0.8948,2.4606,0,0,1,97,54.1,92,29.94,30.0141,0,0,0,0,54.1,51.83,2025-03-01,,,,2025-03-01 01:19:00-08:00
1740819840000,0.0,0.0,0,0,1,97,54.1,92,29.95,30.0241,0,0,0,0,54.1,51.83,2025-03-01,,America/Los_Angeles,True,2025-03-01 01:04:00-08:00
1740818940000,0.4474,3.5791,0,0,1,97,54.1,92,29.96,30.0341,0,0,0,0,54.1,51.83,2025-03-01,,,,2025-03-01 00:49:00-08:00
1740818040000,0.8948,5.145,0,0,1,87,54.0,92,29.96,30.0341,0,0,0,0,54.0,51.73,2025-03-01,4.28,,,2025-03-01 00:34:00-08:00
1740817140000,0.2237,2.0132,0,0,1,48,54.0,92,29.95,30.0241,0,0,0,0,54.0,51.73,2025-03-01,,,,2025-03-01 00:19:00-08:00
1740816240000,0.2237,2.0132,0,0,1,48,54.0,92,29.95,30.0241,0,0,0,0,54.0,51.73,2025-03-01,,,,2025-03-01 00:04:00-08:00
