dateutc,windspeedmph,windgustmph,hourlyrainin,dailyrainin,trustdevicetime,winddir,tempf,humidity,batt1volts,baromabsin,baromrelin,solarradiation,sis,sds,solarradday,feelsLike,dewPoint,lastRain,date,local_time
1747377960000,0.0,0.0,0,0,1,213,57.2,89,4.29,29.94,30.037,0,0,8967,8070300,57.2,53.99,2025-04-26T15:31:00.000Z,2025-05-15,2025-05-15 23:46:00-07:00
1747377060000,0.0,0.0,0,0,1,213,57.4,90,,29.95,30.047,0,0,8967,8070300,57.4,54.49,2025-04-26T15:31:00.000Z,2025-05-15,2025-05-15 23:31:00-07:00
1747376160000,0.0,1.1185,0,0,1,213,57.6,89,,29.95,30.0469,0,0,8967,8070300,57.6,54.38,2025-04-26T15:31:00.000Z,2025-05-15,2025-05-15 23:16:00-07:00
1747375260000,0.0,0.0,0,0,1,213,57.6,88,,29.95,30.0469,0,0,8967,8070300,57.6,54.07,2025-04-26T15:31:00.000Z,2025-05-15,2025-05-15 23:01:00-07:00
1747374360000,0.0,0.0,0,0,1,213,57.6,87,4.29,29.95,30.0469,0,0,8967,8070300,57.6,53.76,2025-04-26T15:31:00.000Z,2025-05-15,2025-05-15 22:46:00-07:00
1747373460000,0.0,0.0,0,0,1,213,57.6,86,,29.95,30.0469,0,0,8967,8070300,57.6,53.44,2025-04-26T15:31:00.000Z,2025-05-15,2025-05-15 22:31:00-07:00
1747372560000,0.0,0.0,0,0,1,213,57.7,85,,29.94,30.0369,0,0,8967,8070300,57.7,53.22,2025-04-26T15:31:00.000Z,2025-05-15,2025-05-15 22:16:00-07:00
1747371660000,0.0,0.0,0,0,1,213,57.6,85,,29.94,30.0369,0,0,8967,8070300,57.6,53.12,2025-04-26T15:31:00.000Z,2025-05-15,2025-05-15 22:01:00-07:00
1747370760000,0.0,0.0,0,0,1,213,57.2,86,4.29,29.94,30.037,0,0,8967,8070300,57.2,53.05,2025-04-26T15:31:00.000Z,2025-05-15,2025-05-15 21:46:00-07:00
1747369860000,0.0,1.1185,0,0,1,213,56.8,86,,29.94,30.0371,0,0,8967,8070300,56.8,52.66,2025-04-26T15:31:00.000Z,2025-05-15,2025-05-15 21:31:00-07:00
1747368960000,0.0,1.3422,0,0,1,213,56.7,84,,29.94,30.0371,0,0,8967,8070300,56.7,51.92,2025-04-26T15:31:00.000Z,2025-05-15,2025-05-15 21:16:00-07:00
1747368060000,0.0,2.2369,0,0,1,213,56.8,84,,29.93,30.027,0,0,8967,8070300,56.8,52.02,2025-04-26T15:31:00.000Z,2025-05-15,2025-05-15 21:01:00-07:00
1747367160000,0.4474,1.5659,0,0,1,213,57.4,85,4.28,29.93,30.0269,0,0,8967,8070300,57.4,52.93,2025-04-26T15:31:00.000Z,2025-05-15,2025-05-15 20:46:00-07:00
1747366260000,0.0,0.0,0,0,1,213,57.7,86,,29.93,30.0269,0,0,8967,8070300,57.7,53.54,2025-04-26T15:31:00.000Z,2025-05-15,2025-05-15 20:31:00-07:00
1747365360000,0.0,1.1185,0,0,1,213,57.9,85,,29.93,30.0268,0,0,8967,8070300,57.9,53.42,2025-04-26T15:31:00.000Z,2025-05-15,2025-05-15 20:16:00-07:00
1747364460000,1.1185,2.0132,0,0,1,213,58.6,84,,29.93,30.0267,0,0,8967,8070300,58.6,53.78,2025-04-26T15:31:00.000Z,2025-05-15,2025-05-15 20:01:00-07:00
1747363560000,0.0,1.5659,0,0,1,213,59.0,83,4.28,29.93,30.0266,2,840,8965,8070300,59.0,53.84,2025-04-26T15:31:00.000Z,2025-05-15,2025-05-15 19:46:00-07:00
1747362660000,0.4474,2.4606,0,0,1,213,59.2,82,,29.92,30.0165,5,2400,8960,8068500,59.2,53.71,2025-04-26T15:31:00.000Z,2025-05-15,2025-05-15 19:31:00-07:00
1747361760000,0.0,0.0,0,0,1,213,59.2,82,,29.93,30.0266,9,3780,8951,8064000,59.2,53.71,2025-04-26T15:31:00.000Z,2025-05-15,2025-05-15 19:16:00-07:00
1747360860000,0.2237,2.0132,0,0,1,213,59.4,81,,29.93,30.0265,14,6720,8937,8055900,59.4,53.57,2025-04-26T15:31:00.000Z,2025-05-15,2025-05-15 19:01:00-07:00
1747359960000,0.2237,2.6843,0,0,1,213,59.5,81,4.3,29.93,30.0265,17,7140,8920,8043300,59.5,53.66,2025-04-26T15:31:00.000Z,2025-05-15,2025-05-15 18:46:00-07:00
1747359060000,0.6711,2.6843,0,0,1,213,59.9,81,,29.94,30.0365,20,9600,8900,8028000,59.9,54.05,2025-04-26T15:31:00.000Z,2025-05-15,2025-05-15 18:31:00-07:00
1747358160000,1.3422,2.908,0,0,1,213,60.3,79,,29.94,30.0364,24,10080,8876,8010000,60.3,53.76,2025-04-26T15:31:00.000Z,2025-05-15,2025-05-15 18:16:00-07:00
1747357260000,1.5659,4.4739,0,0,1,213,60.6,78,,29.95,30.0464,28,13440,8848,7988400,60.6,53.7,2025-04-26T15:31:00.000Z,2025-05-15,2025-05-15 18:01:00-07:00
1747356360000,2.2369,4.6976,0,0,1,213,60.4,79,4.31,29.95,30.0464,35,14700,8813,7963200,60.4,53.85,2025-04-26T15:31:00.000Z,2025-05-15,2025-05-15 17:46:00-07:00
1747355460000,2.4606,5.145,0,0,1,213,61.3,76,,29.96,30.0563,34,16320,8779,7931700,61.3,53.67,2025-04-26T15:31:00.000Z,2025-05-15,2025-05-15 17:31:00-07:00
1747354560000,2.0132,4.9213,0,0,1,213,61.7,75,,29.96,30.0562,39,16380,8740,7901100,61.7,53.69,2025-04-26T15:31:00.000Z,2025-05-15,2025-05-15 17:16:00-07:00
1747353660000,1.5659,5.145,0,0,1,213,61.7,75,,29.96,30.0562,42,20160,8698,7866000,61.7,53.69,2025-04-26T15:31:00.000Z,2025-05-15,2025-05-15 17:01:00-07:00
1747352760000,1.3422,6.0397,0,0,1,213,61.7,75,4.32,29.97,30.0662,46,19320,8652,7828200,61.7,53.69,2025-04-26T15:31:00.000Z,2025-05-15,2025-05-15 16:46:00-07:00
1747351860000,1.3422,4.4739,0,0,1,213,61.3,75,,29.98,30.0764,60,28800,8592,7786800,61.3,53.31,2025-04-26T15:31:00.000Z,2025-05-15,2025-05-15 16:31:00-07:00
1747350960000,1.5659,4.4739,0,0,1,213,61.7,74,,29.98,30.0763,115,48300,8477,7732800,61.7,53.32,2025-04-26T15:31:00.000Z,2025-05-15,2025-05-15 16:16:00-07:00
1747350060000,1.3422,4.9213,0,0,1,213,61.5,74,,29.98,30.0763,58,27840,8419,7629300,61.5,53.13,2025-04-26T15:31:00.000Z,2025-05-15,2025-05-15 16:01:00-07:00
1747349160000,2.2369,6.0397,0,0,1,213,61.7,75,4.33,29.98,30.0763,124,52080,8295,7577100,61.7,53.69,2025-04-26T15:31:00.000Z,2025-05-15,2025-05-15 15:46:00-07:00
1747348260000,1.7895,5.5923,0,0,1,213,61.7,77,,29.99,30.0863,313,150240,7982,7465500,61.7,54.41,2025-04-26T15:31:00.000Z,2025-05-15,2025-05-15 15:31:00-07:00
1747347360000,1.3422,6.0397,0,0,1,213,62.4,75,,30.0,30.0962,226,94920,7756,7183800,62.4,54.37,2025-04-26T15:31:00.000Z,2025-05-15,2025-05-15 15:16:00-07:00
1747346460000,1.7895,5.5923,0,0,1,213,62.2,75,,30.0,30.0962,99,47520,7657,6980400,62.2,54.17,2025-04-26T15:31:00.000Z,2025-05-15,2025-05-15 15:01:00-07:00
1747345560000,2.908,4.9213,0,0,1,213,61.5,76,4.33,30.0,30.0964,68,28560,7589,6891300,61.5,53.86,2025-04-26T15:31:00.000Z,2025-05-15,2025-05-15 14:46:00-07:00
1747344660000,2.2369,4.6976,0,0,1,213,62.1,76,,30.0,30.0963,90,43200,7499,6830100,62.1,54.44,2025-04-26T15:31:00.000Z,2025-05-15,2025-05-15 14:31:00-07:00
1747343760000,2.4606,4.2502,0,0,1,213,62.6,75,,30.0,30.0962,158,66360,7341,6749100,62.6,54.56,2025-04-26T15:31:00.000Z,2025-05-15,2025-05-15 14:16:00-07:00
1747342860000,2.4606,4.6976,0,0,1,213,62.6,74,,30.01,30.1062,267,128160,7074,6606900,62.6,54.19,2025-04-26T15:31:00.000Z,2025-05-15,2025-05-15 14:01:00-07:00
1747341960000,2.4606,4.4739,0,0,1,213,63.0,73,4.34,30.01,30.1061,257,107940,6817,6366600,63.0,54.2,2025-04-26T15:31:00.000Z,2025-05-15,2025-05-15 13:46:00-07:00
1747341060000,2.6843,4.4739,0,0,1,213,63.1,72,,30.01,30.1061,79,37920,6738,6135300,63.1,53.92,2025-04-26T15:31:00.000Z,2025-05-15,2025-05-15 13:31:00-07:00
1747340160000,2.2369,4.4739,0,0,1,213,63.5,71,,30.01,30.106,172,72240,6566,6064200,63.5,53.92,2025-04-26T15:31:00.000Z,2025-05-15,2025-05-15 13:16:00-07:00
1747339260000,2.2369,4.9213,0,0,1,213,63.1,73,,30.01,30.1061,170,81600,6396,5909400,63.1,54.3,2025-04-26T15:31:00.000Z,2025-05-15,2025-05-15 13:01:00-07:00
1747338360000,2.908,4.6976,0,0,1,213,62.8,74,4.52,30.01,30.1062,417,175140,5979,5756400,62.8,54.38,2025-04-26T15:31:00.000Z,2025-05-15,2025-05-15 12:46:00-07:00
1747337460000,2.6843,4.4739,0,0,1,213,62.6,75,,30.01,30.1062,577,276960,5402,5381100,62.6,54.56,2025-04-26T15:31:00.000Z,2025-05-15,2025-05-15 12:31:00-07:00
1747336560000,2.4606,4.4739,0,0,1,213,62.8,75,,30.01,30.1062,716,300720,4686,4861800,62.8,54.75,2025-04-26T15:31:00.000Z,2025-05-15,2025-05-15 12:16:00-07:00
1747335660000,2.6843,4.4739,0,0,1,213,62.6,76,,30.0,30.0962,864,414720,3822,4217400,62.6,54.92,2025-04-26T15:31:00.000Z,2025-05-15,2025-05-15 12:01:00-07:00
1747334760000,2.6843,4.4739,0,0,1,213,62.4,75,4.54,30.01,30.1062,847,355740,2975,3439800,62.4,54.37,2025-04-26T15:31:00.000Z,2025-05-15,2025-05-15 11:46:00-07:00
1747333860000,2.4606,4.4739,0,0,1,213,61.2,78,,30.01,30.1065,793,380640,2182,2677500,61.2,54.28,2025-04-26T15:31:00.000Z,2025-05-15,2025-05-15 11:31:00-07:00
1747332960000,2.908,4.4739,0,0,1,213,61.2,79,,30.01,30.1065,374,157080,1808,1963800,61.2,54.63,2025-04-26T15:31:00.000Z,2025-05-15,2025-05-15 11:16:00-07:00
1747332060000,2.2369,4.2502,0,0,1,213,61.0,79,,30.01,30.1065,140,67200,1668,1627200,61.0,54.44,2025-04-26T15:31:00.000Z,2025-05-15,2025-05-15 11:01:00-07:00
1747331160000,2.6843,4.2502,0,0,1,213,60.6,80,4.37,30.01,30.1066,215,90300,1453,1501200,60.6,54.39,2025-04-26T15:31:00.000Z,2025-05-15,2025-05-15 10:46:00-07:00
1747330260000,2.4606,4.0265,0,0,1,213,60.3,80,,30.01,30.1066,303,145440,1150,1307700,60.3,54.1,2025-04-26T15:31:00.000Z,2025-05-15,2025-05-15 10:31:00-07:00
1747329360000,2.2369,3.8028,0,0,1,213,59.9,81,,30.02,30.1167,167,70140,983,1035000,59.9,54.05,2025-04-26T15:31:00.000Z,2025-05-15,2025-05-15 10:16:00-07:00
1747328460000,2.2369,4.0265,0,0,1,213,59.2,82,,30.02,30.1169,71,34080,912,884700,59.2,53.71,2025-04-26T15:31:00.000Z,2025-05-15,2025-05-15 10:01:00-07:00
1747327560000,2.4606,3.8028,0,0,1,213,59.0,82,4.26,30.02,30.1169,68,28560,844,820800,59.0,53.51,2025-04-26T15:31:00.000Z,2025-05-15,2025-05-15 09:46:00-07:00
1747326660000,2.4606,3.5791,0,0,1,213,59.0,82,,30.02,30.1169,117,56160,727,759600,59.0,53.51,2025-04-26T15:31:00.000Z,2025-05-15,2025-05-15 09:31:00-07:00
1747325760000,2.2369,3.1317,0,0,1,213,58.5,83,,30.02,30.117,160,67200,567,654300,58.5,53.35,2025-04-26T15:31:00.000Z,2025-05-15,2025-05-15 09:16:00-07:00
1747324860000,2.4606,3.1317,0,0,1,213,58.6,84,,30.01,30.107,74,35520,493,510300,58.6,53.78,2025-04-26T15:31:00.000Z,2025-05-15,2025-05-15 09:01:00-07:00
1747323960000,2.0132,2.908,0,0,1,213,58.6,84,4.25,30.01,30.107,47,19740,446,443700,58.6,53.78,2025-04-26T15:31:00.000Z,2025-05-15,2025-05-15 08:46:00-07:00
1747323060000,0.4474,2.2369,0,0,1,213,59.0,84,,30.01,30.1069,99,47520,347,401400,59.0,54.17,2025-04-26T15:31:00.000Z,2025-05-15,2025-05-15 08:31:00-07:00
1747322160000,0.0,1.3422,0,0,1,213,58.1,85,,30.0,30.097,137,57540,210,312300,58.1,53.61,2025-04-26T15:31:00.000Z,2025-05-15,2025-05-15 08:16:00-07:00
1747321260000,0.0,1.1185,0,0,1,213,57.0,88,,30.0,30.0972,58,27840,152,189000,57.0,53.48,2025-04-26T15:31:00.000Z,2025-05-15,2025-05-15 08:01:00-07:00
1747320360000,0.0,1.5659,0,0,1,213,55.8,91,4.25,29.99,30.0874,87,36540,65,136800,55.8,53.21,2025-04-26T15:31:00.000Z,2025-05-15,2025-05-15 07:46:00-07:00
1747319460000,0.0,0.0,0,0,1,213,54.7,92,,29.99,30.0876,22,10560,43,58500,54.7,52.42,2025-04-26T15:31:00.000Z,2025-05-15,2025-05-15 07:31:00-07:00
1747318560000,0.0,0.0,0,0,1,213,53.1,94,,29.98,30.0779,17,7140,26,38700,53.1,51.42,2025-04-26T15:31:00.000Z,2025-05-15,2025-05-15 07:16:00-07:00
1747317660000,0.0,0.0,0,0,1,213,52.5,93,,29.98,30.078,12,5760,14,23400,52.5,50.53,2025-04-26T15:31:00.000Z,2025-05-15,2025-05-15 07:01:00-07:00
1747316760000,0.0,0.0,0,0,1,213,52.5,93,4.25,29.97,30.068,8,3360,6,12600,52.5,50.53,2025-04-26T15:31:00.000Z,2025-05-15,2025-05-15 06:46:00-07:00
1747315860000,0.0,0.0,0,0,1,213,52.7,93,,29.97,30.0679,5,2400,1,5400,52.7,50.73,2025-04-26T15:31:00.000Z,2025-05-15,2025-05-15 06:31:00-07:00
1747314960000,0.0,0.0,0,0,1,213,52.9,93,,29.96,30.0579,1,420,0,900,52.9,50.93,2025-04-26T15:31:00.000Z,2025-05-15,2025-05-15 06:16:00-07:00
1747314060000,0.0,0.0,0,0,1,213,53.1,93,,29.96,30.0578,0,0,0,0,53.1,51.13,2025-04-26T15:31:00.000Z,2025-05-15,2025-05-15 06:01:00-07:00
1747313160000,0.0,0.0,0,0,1,213,53.1,93,4.26,29.96,30.0578,0,0,0,0,53.1,51.13,2025-04-26T15:31:00.000Z,2025-05-15,2025-05-15 05:46:00-07:00
1747312260000,0.0,0.0,0,0,1,213,53.4,93,,29.96,30.0578,0,0,0,0,53.4,51.43,2025-04-26T15:31:00.000Z,2025-05-15,2025-05-15 05:31:00-07:00
1747311360000,0.0,0.0,0,0,1,213,53.6,92,,29.96,30.0577,0,0,0,0,53.6,51.33,2025-04-26T15:31:00.000Z,2025-05-15,2025-05-15 05:16:00-07:00
1747310460000,0.0,0.0,0,0,1,213,53.8,91,,29.96,30.0577,0,0,0,0,53.8,51.23,2025-04-26T15:31:00.000Z,2025-05-15,2025-05-15 05:01:00-07:00
1747309560000,0.0,0.0,0,0,1,213,54.1,92,4.26,29.96,30.0576,0,0,0,0,54.1,51.83,2025-04-26T15:31:00.000Z,2025-05-15,2025-05-15 04:46:00-07:00
1747308660000,0.0,0.0,0,0,1,213,54.1,91,,29.96,30.0576,0,0,0,0,54.1,51.53,2025-04-26T15:31:00.000Z,2025-05-15,2025-05-15 04:31:00-07:00
1747307760000,0.0,0.0,0,0,1,213,54.3,90,,29.96,30.0576,0,0,0,0,54.3,51.43,2025-04-26T15:31:00.000Z,2025-05-15,2025-05-15 04:16:00-07:00
1747306860000,0.0,0.0,0,0,1,213,54.3,90,,29.96,30.0576,0,0,0,0,54.3,51.43,2025-04-26T15:31:00.000Z,2025-05-15,2025-05-15 04:01:00-07:00
1747305960000,0.0,0.0,0,0,1,213,53.8,91,4.26,29.95,30.0477,0,0,0,0,53.8,51.23,2025-04-26T15:31:00.000Z,2025-05-15,2025-05-15 03:46:00-07:00
1747305060000,0.0,0.0,0,0,1,213,53.1,91,,29.95,30.0478,0,0,0,0,53.1,50.54,2025-04-26T15:31:00.000Z,2025-05-15,2025-05-15 03:31:00-07:00
1747304160000,0.0,0.0,0,0,1,213,52.9,91,,29.95,30.0478,0,0,0,0,52.9,50.34,2025-04-26T15:31:00.000Z,2025-05-15,2025-05-15 03:16:00-07:00
1747303260000,0.0,0.0,0,0,1,213,52.9,90,,29.95,30.0478,0,0,0,0,52.9,50.05,2025-04-26T15:31:00.000Z,2025-05-15,2025-05-15 03:01:00-07:00
1747302360000,0.0,0.0,0,0,1,213,53.2,89,4.27,29.95,30.0478,0,0,0,0,53.2,50.04,2025-04-26T15:31:00.000Z,2025-05-15,2025-05-15 02:46:00-07:00
1747301460000,0.0,0.0,0,0,1,213,53.6,89,,29.95,30.0477,0,0,0,0,53.6,50.44,2025-04-26T15:31:00.000Z,2025-05-15,2025-05-15 02:31:00-07:00
1747300560000,0.0,0.0,0,0,1,213,54.0,88,,29.95,30.0476,0,0,0,0,54.0,50.53,2025-04-26T15:31:00.000Z,2025-05-15,2025-05-15 02:16:00-07:00
1747299660000,0.0,0.0,0,0,1,213,54.3,87,,29.95,30.0476,0,0,0,0,54.3,50.51,2025-04-26T15:31:00.000Z,2025-05-15,2025-05-15 02:01:00-07:00
1747298760000,0.2237,1.5659,0,0,1,213,54.5,87,4.27,29.95,30.0475,0,0,0,0,54.5,50.71,2025-04-26T15:31:00.000Z,2025-05-15,2025-05-15 01:46:00-07:00
1747297860000,0.4474,1.5659,0,0,1,213,54.3,86,,29.95,30.0476,0,0,0,0,54.3,50.2,2025-04-26T15:31:00.000Z,2025-05-15,2025-05-15 01:31:00-07:00
1747296960000,0.0,0.0,0,0,1,213,53.2,87,,29.95,30.0478,0,0,0,0,53.2,49.43,2025-04-26T15:31:00.000Z,2025-05-15,2025-05-15 01:16:00-07:00
1747296060000,0.0,0.0,0,0,1,213,52.9,86,,29.96,30.0579,0,0,0,0,52.9,48.83,2025-04-26T15:31:00.000Z,2025-05-15,2025-05-15 01:01:00-07:00
1747295160000,0.0,0.0,0,0,1,213,53.1,85,4.27,29.96,30.0578,0,0,0,0,53.1,48.71,2025-04-26T15:31:00.000Z,2025-05-15,2025-05-15 00:46:00-07:00
1747294260000,0.0,0.0,0,0,1,213,53.4,84,,29.96,30.0578,0,0,0,0,53.4,48.69,2025-04-26T15:31:00.000Z,2025-05-15,2025-05-15 00:31:00-07:00
1747293360000,0.0,0.0,0,0,1,213,54.0,83,,29.96,30.0577,0,0,0,0,54.0,48.95,2025-04-26T15:31:00.000Z,2025-05-15,2025-05-15 00:16:00-07:00
1747292460000,0.0,0.0,0,0,1,213,54.5,83,,29.96,30.0576,0,0,0,0,54.5,49.44,2025-04-26T15:31:00.000Z,2025-05-15,2025-05-15 00:01:00-07:00
