dateutc,windspeedmph,windgustmph,hourlyrainin,dailyrainin,trustdevicetime,winddir,tempf,humidity,baromabsin,baromrelin,solarradiation,sis,sds,solarradday,feelsLike,dewPoint,lastRain,date,batt1volts,tz,historical,local_time
1748328360000,0.0,0.0,0,0,1,214,58.5,87,29.96,30.0568,0,0,8051,7245900,58.5,54.64,2025-04-26T15:31:00.000Z,2025-05-26,,,,2025-05-26 23:46:00-07:00
1748327460000,0.0,0.0,0,0,1,214,58.8,86,29.97,30.0668,0,0,8051,7245900,58.8,54.62,2025-04-26T15:31:00.000Z,2025-05-26,,,,2025-05-26 23:31:00-07:00
1748326560000,0.0,0.0,0,0,1,214,58.8,83,29.97,30.0668,0,0,8051,7245900,58.8,53.65,2025-04-26T15:31:00.000Z,2025-05-26,,,,2025-05-26 23:16:00-07:00
1748325660000,0.0,0.0,0,0,1,214,59.4,83,29.97,30.0667,0,0,8051,7245900,59.4,54.23,2025-04-26T15:31:00.000Z,2025-05-26,4.27,,,2025-05-26 23:01:00-07:00
1748324760000,0.0,0.0,0,0,1,214,59.7,82,29.97,30.0666,0,0,8051,7245900,59.7,54.19,2025-04-26T15:31:00.000Z,2025-05-26,,,,2025-05-26 22:46:00-07:00
1748323860000,0.0,0.0,0,0,1,214,59.7,81,29.96,30.0566,0,0,8051,7245900,59.7,53.86,2025-04-26T15:31:00.000Z,2025-05-26,,,,2025-05-26 22:31:00-07:00
1748322960000,0.0,0.0,0,0,1,214,59.5,86,29.96,30.0566,0,0,8051,7245900,59.5,55.31,2025-04-26T15:31:00.000Z,2025-05-26,,,,2025-05-26 22:16:00-07:00
1748322060000,0.0,0.0,0,0,1,214,59.7,85,29.95,30.0466,0,0,8051,7245900,59.7,55.18,2025-04-26T15:31:00.000Z,2025-05-26,4.28,,,2025-05-26 22:01:00-07:00
1748321160000,0.0,0.0,0,0,1,214,59.9,83,29.95,30.0465,0,0,8051,7245900,59.9,54.72,2025-04-26T15:31:00.000Z,2025-05-26,,,,2025-05-26 21:46:00-07:00
1748320260000,0.0,0.0,0,0,1,214,60.4,83,29.94,30.0364,0,0,8051,7245900,60.4,55.21,2025-04-26T15:31:00.000Z,2025-05-26,,,,2025-05-26 21:31:00-07:00
1748319360000,0.0,0.0,0,0,1,214,60.6,82,29.94,30.0364,0,0,8051,7245900,60.6,55.07,2025-04-26T15:31:00.000Z,2025-05-26,,,,2025-05-26 21:16:00-07:00
1748318460000,0.0,0.0,0,0,1,214,61.0,79,29.94,30.0363,0,0,8051,7245900,61.0,54.44,2025-04-26T15:31:00.000Z,2025-05-26,4.29,,,2025-05-26 21:01:00-07:00
1748317560000,0.0,0.0,0,0,1,214,61.2,79,29.93,30.0262,0,0,8051,7245900,61.2,54.63,2025-04-26T15:31:00.000Z,2025-05-26,,,,2025-05-26 20:46:00-07:00
1748316660000,0.0,0.0,0,0,1,214,61.7,79,29.93,30.0261,0,0,8051,7245900,61.7,55.12,2025-04-26T15:31:00.000Z,2025-05-26,,,,2025-05-26 20:31:00-07:00
1748315760000,0.0,0.0,0,0,1,214,62.2,77,29.93,30.026,0,0,8051,7245900,62.2,54.9,2025-04-26T15:31:00.000Z,2025-05-26,,,,2025-05-26 20:16:00-07:00
1748314860000,0.0,0.0,0,0,1,214,62.8,75,29.93,30.0259,1,480,8050,7245900,62.8,54.75,2025-04-26T15:31:00.000Z,2025-05-26,4.29,,,2025-05-26 20:01:00-07:00
1748313960000,0.0,1.1185,0,0,1,214,63.5,73,29.94,30.0358,4,1680,8046,7245000,63.5,54.69,2025-04-26T15:31:00.000Z,2025-05-26,,,,2025-05-26 19:46:00-07:00
1748313060000,0.0,0.0,0,0,1,214,64.0,71,29.93,30.0257,6,2880,8040,7241400,64.0,54.4,2025-04-26T15:31:00.000Z,2025-05-26,,,,2025-05-26 19:31:00-07:00
1748312160000,0.0,0.0,0,0,1,214,64.6,69,29.93,30.0256,9,3780,8031,7236000,64.6,54.19,2025-04-26T15:31:00.000Z,2025-05-26,,,,2025-05-26 19:16:00-07:00
1748311260000,0.0,0.0,0,0,1,214,65.1,66,29.93,30.0255,14,6720,8017,7227900,65.1,53.45,2025-04-26T15:31:00.000Z,2025-05-26,4.3,,,2025-05-26 19:01:00-07:00
1748310360000,0.0,1.1185,0,0,1,214,65.5,65,29.93,30.0254,23,9660,7994,7215300,65.5,53.42,2025-04-26T15:31:00.000Z,2025-05-26,,,,2025-05-26 18:46:00-07:00
1748309460000,0.0,1.1185,0,0,1,214,65.5,65,29.93,30.0254,22,10560,7972,7194600,65.5,53.42,2025-04-26T15:31:00.000Z,2025-05-26,,,,2025-05-26 18:31:00-07:00
1748308560000,0.2237,1.1185,0,0,1,214,65.7,65,29.94,30.0354,25,10500,7947,7174800,65.7,53.61,2025-04-26T15:31:00.000Z,2025-05-26,,,,2025-05-26 18:16:00-07:00
1748307660000,0.2237,1.5659,0,0,1,214,65.7,67,29.94,30.0354,31,14880,7916,7152300,65.7,54.44,2025-04-26T15:31:00.000Z,2025-05-26,4.31,,,2025-05-26 18:01:00-07:00
1748306760000,0.2237,1.5659,0,0,1,214,66.0,70,29.94,30.0354,39,16380,7877,7124400,66.0,55.93,2025-04-26T15:31:00.000Z,2025-05-26,,,,2025-05-26 17:46:00-07:00
1748305860000,0.8948,2.4606,0,0,1,214,66.2,68,29.94,30.0353,47,22560,7830,7089300,66.2,55.32,2025-04-26T15:31:00.000Z,2025-05-26,,,,2025-05-26 17:31:00-07:00
1748304960000,0.4474,2.4606,0,0,1,214,66.6,68,29.94,30.0353,43,18060,7787,7047000,66.6,55.7,2025-04-26T15:31:00.000Z,2025-05-26,,,,2025-05-26 17:16:00-07:00
1748304060000,0.2237,1.7895,0,0,1,214,66.4,68,29.94,30.0353,48,23040,7739,7008300,66.4,55.51,2025-04-26T15:31:00.000Z,2025-05-26,4.32,,,2025-05-26 17:01:00-07:00
1748303160000,0.6711,2.6843,0,0,1,214,66.2,73,29.94,30.0353,52,21840,7687,6965100,66.2,57.28,2025-04-26T15:31:00.000Z,2025-05-26,,,,2025-05-26 16:46:00-07:00
1748302260000,2.0132,3.8028,0,0,1,214,66.9,71,29.95,30.0452,44,21120,7643,6918300,66.9,57.18,2025-04-26T15:31:00.000Z,2025-05-26,,,,2025-05-26 16:31:00-07:00
1748301360000,0.8948,3.5791,0,0,1,214,68.0,66,29.95,30.045,69,28980,7574,6878700,68.0,56.21,2025-04-26T15:31:00.000Z,2025-05-26,,,,2025-05-26 16:16:00-07:00
1748300460000,1.5659,4.0265,0,0,1,214,68.7,65,29.95,30.0449,64,30720,7510,6816600,68.33,56.45,2025-04-26T15:31:00.000Z,2025-05-26,4.33,,,2025-05-26 16:01:00-07:00
1748299560000,1.3422,4.0265,0,0,1,214,69.8,63,29.95,30.0447,126,52920,7384,6759000,69.44,56.62,2025-04-26T15:31:00.000Z,2025-05-26,,,,2025-05-26 15:46:00-07:00
1748298660000,1.1185,3.5791,0,0,1,214,68.9,64,29.96,30.0549,151,72480,7233,6645600,68.5,56.21,2025-04-26T15:31:00.000Z,2025-05-26,,,,2025-05-26 15:31:00-07:00
1748297760000,2.2369,4.2502,0,0,1,214,68.7,64,29.97,30.065,80,33600,7153,6509700,68.28,56.02,2025-04-26T15:31:00.000Z,2025-05-26,,,,2025-05-26 15:16:00-07:00
1748296860000,2.4606,4.4739,0,0,1,214,68.5,66,29.97,30.065,74,35520,7079,6437700,68.15,56.68,2025-04-26T15:31:00.000Z,2025-05-26,4.34,,,2025-05-26 15:01:00-07:00
1748295960000,2.6843,4.6976,0,0,1,214,68.7,65,29.97,30.065,82,34440,6997,6371100,68.33,56.45,2025-04-26T15:31:00.000Z,2025-05-26,,,,2025-05-26 14:46:00-07:00
1748295060000,2.2369,4.4739,0,0,1,214,68.0,65,29.98,30.0751,103,49440,6894,6297300,68.0,55.79,2025-04-26T15:31:00.000Z,2025-05-26,,,,2025-05-26 14:31:00-07:00
1748294160000,2.6843,4.6976,0,0,1,214,66.9,68,29.98,30.0753,161,67620,6733,6204600,66.9,55.99,2025-04-26T15:31:00.000Z,2025-05-26,,,,2025-05-26 14:16:00-07:00
1748293260000,2.6843,4.4739,0,0,1,214,66.4,68,29.99,30.0854,232,111360,6501,6059700,66.4,55.51,2025-04-26T15:31:00.000Z,2025-05-26,4.35,,,2025-05-26 14:01:00-07:00
1748292360000,1.7895,4.2502,0,0,1,214,67.1,67,29.99,30.0853,120,50400,6381,5850900,67.1,55.77,2025-04-26T15:31:00.000Z,2025-05-26,,,,2025-05-26 13:46:00-07:00
1748291460000,1.7895,4.0265,0,0,1,214,64.9,71,30.0,30.0958,158,75840,6065,5600700,64.9,55.27,2025-04-26T15:31:00.000Z,2025-05-26,,,,2025-05-26 13:31:00-07:00
1748290560000,1.7895,3.5791,0,0,1,214,63.9,75,30.0,30.0959,158,66360,6223,5600700,63.9,55.82,,2025-05-26,,America/Los_Angeles,True,2025-05-26 13:16:00-07:00
1748289660000,2.0132,3.5791,0,0,1,214,64.0,74,30.0,30.0959,196,94080,5869,5458500,64.0,55.54,2025-04-26T15:31:00.000Z,2025-05-26,,,,2025-05-26 13:01:00-07:00
1748288760000,2.2369,3.8028,0,0,1,214,64.2,73,30.0,30.0959,197,82740,5672,5282100,64.2,55.36,2025-04-26T15:31:00.000Z,2025-05-26,,,,2025-05-26 12:46:00-07:00
1748287860000,2.6843,4.4739,0,0,1,214,65.8,73,29.99,30.0856,427,204960,5245,5104800,65.8,56.9,2025-04-26T15:31:00.000Z,2025-05-26,,,,2025-05-26 12:31:00-07:00
1748286960000,2.4606,4.6976,0,0,1,214,66.0,74,29.99,30.0855,861,361620,4384,4720500,66.0,57.47,2025-04-26T15:31:00.000Z,2025-05-26,4.59,,,2025-05-26 12:16:00-07:00
1748286060000,2.6843,4.9213,0,0,1,214,64.8,77,29.99,30.0857,862,413760,3522,3945600,64.8,57.41,2025-04-26T15:31:00.000Z,2025-05-26,,,,2025-05-26 12:01:00-07:00
1748285160000,2.4606,4.4739,0,0,1,214,63.7,79,30.0,30.096,724,304080,2798,3169800,63.7,57.06,2025-04-26T15:31:00.000Z,2025-05-26,,,,2025-05-26 11:46:00-07:00
1748284260000,1.7895,4.2502,0,0,1,214,63.5,80,30.01,30.106,640,307200,2158,2518200,63.5,57.21,2025-04-26T15:31:00.000Z,2025-05-26,,,,2025-05-26 11:31:00-07:00
1748283360000,2.0132,4.2502,0,0,1,214,63.3,80,30.01,30.1061,192,80640,1966,1942200,63.3,57.02,2025-04-26T15:31:00.000Z,2025-05-26,4.29,,,2025-05-26 11:16:00-07:00
1748282460000,2.6843,4.6976,0,0,1,214,63.0,80,30.01,30.1061,118,56640,1848,1769400,63.0,56.73,2025-04-26T15:31:00.000Z,2025-05-26,,,,2025-05-26 11:01:00-07:00
1748281560000,2.6843,4.2502,0,0,1,214,62.8,80,30.01,30.1062,92,38640,1756,1663200,62.8,56.53,2025-04-26T15:31:00.000Z,2025-05-26,,,,2025-05-26 10:46:00-07:00
1748280660000,2.908,4.2502,0,0,1,214,62.4,81,30.0,30.0962,87,41760,1669,1580400,62.4,56.49,2025-04-26T15:31:00.000Z,2025-05-26,,,,2025-05-26 10:31:00-07:00
1748279760000,2.908,4.4739,0,0,1,213,62.1,82,30.0,30.0963,331,139020,1338,1502100,62.1,56.54,2025-04-26T15:31:00.000Z,2025-05-26,4.42,,,2025-05-26 10:16:00-07:00
1748278860000,2.2369,3.1317,0,0,1,182,61.9,82,30.01,30.1063,357,171360,981,1204200,61.9,56.34,2025-04-26T15:31:00.000Z,2025-05-26,,,,2025-05-26 10:01:00-07:00
1748277960000,2.0132,3.5791,0,0,1,182,61.5,83,30.01,30.1064,90,37800,891,882900,61.5,56.29,2025-04-26T15:31:00.000Z,2025-05-26,,,,2025-05-26 09:46:00-07:00
1748277060000,2.0132,3.1317,0,0,1,182,61.0,83,30.01,30.1065,85,40800,806,801900,61.0,55.8,2025-04-26T15:31:00.000Z,2025-05-26,,,,2025-05-26 09:31:00-07:00
1748276160000,2.0132,2.6843,0,0,1,182,60.6,83,30.01,30.1066,205,86100,601,725400,60.6,55.41,2025-04-26T15:31:00.000Z,2025-05-26,4.25,,,2025-05-26 09:16:00-07:00
1748275260000,2.0132,3.1317,0,0,1,182,60.3,84,30.0,30.0966,57,27360,544,540900,60.3,55.44,2025-04-26T15:31:00.000Z,2025-05-26,,,,2025-05-26 09:01:00-07:00
1748274360000,1.7895,2.908,0,0,1,182,59.9,86,30.0,30.0967,72,30240,472,489600,59.9,55.7,2025-04-26T15:31:00.000Z,2025-05-26,,,,2025-05-26 08:46:00-07:00
1748273460000,1.3422,2.4606,0,0,1,182,59.5,87,30.0,30.0968,78,37440,394,424800,59.5,55.63,2025-04-26T15:31:00.000Z,2025-05-26,,,,2025-05-26 08:31:00-07:00
1748272560000,0.4474,2.6843,0,0,1,182,58.8,88,30.01,30.1069,108,45360,286,354600,58.8,55.25,2025-04-26T15:31:00.000Z,2025-05-26,4.24,,,2025-05-26 08:16:00-07:00
1748271660000,0.4474,2.908,0,0,1,196,57.9,90,30.01,30.1071,94,45120,192,257400,57.9,54.98,2025-04-26T15:31:00.000Z,2025-05-26,,,,2025-05-26 08:01:00-07:00
1748270760000,0.8948,2.0132,0,0,1,221,55.9,93,30.0,30.0974,115,48300,77,172800,55.9,53.9,2025-04-26T15:31:00.000Z,2025-05-26,,,,2025-05-26 07:46:00-07:00
1748269860000,0.0,0.0,0,0,1,221,53.8,93,29.99,30.0878,23,11040,54,69300,53.8,51.82,2025-04-26T15:31:00.000Z,2025-05-26,,,,2025-05-26 07:31:00-07:00
1748268960000,0.0,0.8948,0,0,1,221,52.3,91,30.0,30.0981,20,8400,34,48600,52.3,49.75,2025-04-26T15:31:00.000Z,2025-05-26,4.23,,,2025-05-26 07:16:00-07:00
1748268060000,0.0,0.0,0,0,1,221,52.0,92,30.0,30.0982,13,6240,21,30600,52.0,49.75,2025-04-26T15:31:00.000Z,2025-05-26,,,,2025-05-26 07:01:00-07:00
1748267160000,0.0,0.0,0,0,1,221,51.6,93,29.99,30.0882,8,3360,13,18900,51.6,49.64,2025-04-26T15:31:00.000Z,2025-05-26,,,,2025-05-26 06:46:00-07:00
1748266260000,0.0,0.0,0,0,1,221,51.1,92,29.99,30.0883,7,3360,6,11700,51.1,48.86,2025-04-26T15:31:00.000Z,2025-05-26,,,,2025-05-26 06:31:00-07:00
1748265360000,0.0,0.0,0,0,1,221,51.1,93,29.99,30.0883,5,2100,1,5400,51.1,49.15,2025-04-26T15:31:00.000Z,2025-05-26,4.24,,,2025-05-26 06:16:00-07:00
1748264460000,0.0,0.0,0,0,1,221,51.1,92,29.99,30.0883,1,480,0,900,51.1,48.86,2025-04-26T15:31:00.000Z,2025-05-26,,,,2025-05-26 06:01:00-07:00
1748263560000,0.0,0.0,0,0,1,221,50.9,91,29.98,30.0783,0,0,0,0,50.9,48.37,2025-04-26T15:31:00.000Z,2025-05-26,,,,2025-05-26 05:46:00-07:00
1748262660000,0.0,0.0,0,0,1,221,50.5,90,29.99,30.0884,0,0,0,0,50.5,47.68,2025-04-26T15:31:00.000Z,2025-05-26,,,,2025-05-26 05:31:00-07:00
1748261760000,0.0,0.0,0,0,1,221,50.5,89,29.98,30.0784,0,0,0,0,50.5,47.38,2025-04-26T15:31:00.000Z,2025-05-26,4.25,,,2025-05-26 05:16:00-07:00
1748260860000,0.0,0.0,0,0,1,221,50.4,85,29.98,30.0784,0,0,0,0,50.4,46.06,2025-04-26T15:31:00.000Z,2025-05-26,,,,2025-05-26 05:01:00-07:00
1748259960000,0.0,0.0,0,0,1,221,50.7,87,29.99,30.0884,0,0,0,0,50.7,46.97,2025-04-26T15:31:00.000Z,2025-05-26,,,,2025-05-26 04:46:00-07:00
1748259060000,0.0,0.0,0,0,1,221,51.1,89,29.98,30.0783,0,0,0,0,51.1,47.97,2025-04-26T15:31:00.000Z,2025-05-26,,,,2025-05-26 04:31:00-07:00
1748258160000,0.0,0.0,0,0,1,221,51.1,87,29.99,30.0883,0,0,0,0,51.1,47.37,2025-04-26T15:31:00.000Z,2025-05-26,4.25,,,2025-05-26 04:16:00-07:00
1748257260000,0.0,0.0,0,0,1,221,51.4,88,29.99,30.0883,0,0,0,0,51.4,47.97,2025-04-26T15:31:00.000Z,2025-05-26,,,,2025-05-26 04:01:00-07:00
1748256360000,0.0,0.0,0,0,1,221,51.8,89,29.99,30.0882,0,0,0,0,51.8,48.66,2025-04-26T15:31:00.000Z,2025-05-26,,,,2025-05-26 03:46:00-07:00
1748255460000,0.0,0.0,0,0,1,221,52.0,87,29.99,30.0881,0,0,0,0,52.0,48.25,2025-04-26T15:31:00.000Z,2025-05-26,,,,2025-05-26 03:31:00-07:00
1748254560000,0.0,0.0,0,0,1,221,52.2,87,30.0,30.0981,0,0,0,0,52.2,48.45,2025-04-26T15:31:00.000Z,2025-05-26,4.26,,,2025-05-26 03:16:00-07:00
1748253660000,0.0,0.0,0,0,1,221,52.2,85,30.0,30.0981,0,0,0,0,52.2,47.83,2025-04-26T15:31:00.000Z,2025-05-26,,,,2025-05-26 03:01:00-07:00
1748252760000,0.0,0.0,0,0,1,221,52.3,83,30.0,30.0981,0,0,0,0,52.3,47.29,2025-04-26T15:31:00.000Z,2025-05-26,,,,2025-05-26 02:46:00-07:00
1748251860000,0.0,0.0,0,0,1,221,52.9,84,30.0,30.098,0,0,0,0,52.9,48.2,2025-04-26T15:31:00.000Z,2025-05-26,,,,2025-05-26 02:31:00-07:00
1748250960000,0.0,0.0,0,0,1,221,53.2,86,30.01,30.108,0,0,0,0,53.2,49.12,2025-04-26T15:31:00.000Z,2025-05-26,4.26,,,2025-05-26 02:16:00-07:00
1748250060000,0.0,0.0,0,0,1,221,53.2,84,30.0,30.0979,0,0,0,0,53.2,48.49,2025-04-26T15:31:00.000Z,2025-05-26,,,,2025-05-26 02:01:00-07:00
1748249160000,0.0,0.0,0,0,1,221,53.6,84,30.0,30.0979,0,0,0,0,53.6,48.88,2025-04-26T15:31:00.000Z,2025-05-26,,,,2025-05-26 01:46:00-07:00
1748248260000,0.0,0.0,0,0,1,221,54.1,85,30.0,30.0978,0,0,0,0,54.1,49.69,2025-04-26T15:31:00.000Z,2025-05-26,,,,2025-05-26 01:31:00-07:00
1748247360000,0.0,0.0,0,0,1,221,54.3,84,30.01,30.1078,0,0,0,0,54.3,49.57,2025-04-26T15:31:00.000Z,2025-05-26,4.26,,,2025-05-26 01:16:00-07:00
1748246460000,0.0,0.0,0,0,1,221,54.9,85,30.01,30.1076,0,0,0,0,54.9,50.47,2025-04-26T15:31:00.000Z,2025-05-26,,,,2025-05-26 01:01:00-07:00
1748245560000,0.0,0.0,0,0,1,221,55.2,84,30.01,30.1076,0,0,0,0,55.2,50.45,2025-04-26T15:31:00.000Z,2025-05-26,,,,2025-05-26 00:46:00-07:00
1748244660000,0.0,0.0,0,0,1,221,55.8,83,30.01,30.1075,0,0,0,0,55.8,50.71,2025-04-26T15:31:00.000Z,2025-05-26,,,,2025-05-26 00:31:00-07:00
1748243760000,0.0,0.0,0,0,1,221,55.9,83,30.02,30.1175,0,0,0,0,55.9,50.81,2025-04-26T15:31:00.000Z,2025-05-26,4.27,,,2025-05-26 00:16:00-07:00
1748242860000,0.0,0.0,0,0,1,221,56.3,82,30.02,30.1174,0,0,0,0,56.3,50.87,2025-04-26T15:31:00.000Z,2025-05-26,,,,2025-05-26 00:01:00-07:00
