dateutc,windspeedmph,windgustmph,hourlyrainin,dailyrainin,trustdevicetime,winddir,tempf,humidity,baromabsin,baromrelin,solarradiation,sis,sds,solarradday,feelsLike,dewPoint,lastRain,date,batt1volts,tz,historical,local_time
1747550760000,3.8028,6.7108,0,0,1,4,57.4,77,29.95,30.047,0,0,5049,4544100,57.4,50.25,2025-04-26T15:31:00.000Z,2025-05-17,,,,2025-05-17 23:46:00-07:00
1747549860000,2.908,5.816,0,0,1,8,57.4,77,29.95,30.047,0,0,5049,4544100,57.4,50.25,2025-04-26T15:31:00.000Z,2025-05-17,,,,2025-05-17 23:31:00-07:00
1747548960000,0.6711,4.0265,0,0,1,8,57.6,76,29.94,30.0369,0,0,5049,4544100,57.6,50.09,2025-04-26T15:31:00.000Z,2025-05-17,4.22,,,2025-05-17 23:16:00-07:00
1747548060000,1.1185,5.5923,0,0,1,8,58.1,75,29.94,30.0368,0,0,5049,4544100,58.1,50.22,2025-04-26T15:31:00.000Z,2025-05-17,,,,2025-05-17 23:01:00-07:00
1747547160000,3.5791,10.5136,0,0,1,4,58.6,74,29.94,30.0367,0,0,5049,4544100,58.6,50.34,2025-04-26T15:31:00.000Z,2025-05-17,,,,2025-05-17 22:46:00-07:00
1747546260000,4.9213,12.5268,0,0,1,356,59.0,73,29.93,30.0266,0,0,5049,4544100,59.0,50.36,2025-04-26T15:31:00.000Z,2025-05-17,,,,2025-05-17 22:31:00-07:00
1747545360000,5.3686,11.6321,0,0,1,356,59.7,72,29.93,30.0265,0,0,5049,4544100,59.7,50.66,2025-04-26T15:31:00.000Z,2025-05-17,4.23,,,2025-05-17 22:16:00-07:00
1747544460000,2.908,7.3819,0,0,1,355,60.4,70,29.93,30.0264,0,0,5049,4544100,60.4,50.57,2025-04-26T15:31:00.000Z,2025-05-17,,,,2025-05-17 22:01:00-07:00
1747543560000,2.2369,6.9345,0,0,1,336,61.0,68,29.92,30.0162,0,0,5049,4544100,61.0,50.36,2025-04-26T15:31:00.000Z,2025-05-17,,,,2025-05-17 21:46:00-07:00
1747542660000,1.7895,8.2767,0,0,1,356,61.2,67,29.92,30.0162,0,0,5049,4544100,61.2,50.15,2025-04-26T15:31:00.000Z,2025-05-17,,,,2025-05-17 21:31:00-07:00
1747541760000,1.3422,5.5923,0,0,1,8,61.3,68,29.92,30.0162,0,0,5049,4544100,61.3,50.65,2025-04-26T15:31:00.000Z,2025-05-17,4.23,,,2025-05-17 21:16:00-07:00
1747540860000,2.0132,7.1582,0,0,1,11,61.5,67,29.91,30.0061,0,0,5049,4544100,61.5,50.44,2025-04-26T15:31:00.000Z,2025-05-17,,,,2025-05-17 21:01:00-07:00
1747539960000,2.0132,8.2767,0,0,1,266,61.5,67,29.91,30.0061,0,0,5049,4544100,61.5,50.44,2025-04-26T15:31:00.000Z,2025-05-17,,,,2025-05-17 20:46:00-07:00
1747539060000,1.7895,7.3819,0,0,1,256,61.5,68,29.91,30.0061,0,0,5049,4544100,61.5,50.84,2025-04-26T15:31:00.000Z,2025-05-17,,,,2025-05-17 20:31:00-07:00
1747538160000,3.8028,10.7373,0,0,1,230,61.3,69,29.91,30.0061,0,0,5049,4544100,61.3,51.04,2025-04-26T15:31:00.000Z,2025-05-17,4.23,,,2025-05-17 20:16:00-07:00
1747537260000,4.6976,10.2899,0,0,1,218,61.3,70,29.91,30.0061,0,0,5049,4544100,61.3,51.43,2025-04-26T15:31:00.000Z,2025-05-17,,,,2025-05-17 20:01:00-07:00
1747536360000,6.0397,10.961,0,0,1,220,61.9,69,29.91,30.006,2,840,5047,4544100,61.9,51.61,2025-04-26T15:31:00.000Z,2025-05-17,,,,2025-05-17 19:46:00-07:00
1747535460000,3.8028,8.053,0,0,1,221,63.1,66,29.9,29.9958,7,3360,5040,4542300,63.1,51.55,2025-04-26T15:31:00.000Z,2025-05-17,,,,2025-05-17 19:31:00-07:00
1747534560000,3.3554,5.816,0,0,1,226,64.2,62,29.9,29.9956,13,5460,5027,4536000,64.2,50.9,2025-04-26T15:31:00.000Z,2025-05-17,4.24,,,2025-05-17 19:16:00-07:00
1747533660000,2.6843,6.4871,0,0,1,229,64.6,62,29.9,29.9955,20,9600,5007,4524300,64.6,51.28,2025-04-26T15:31:00.000Z,2025-05-17,,,,2025-05-17 19:01:00-07:00
1747532760000,2.6843,6.2634,0,0,1,230,65.3,61,29.9,29.9954,23,9660,4984,4506300,65.3,51.5,2025-04-26T15:31:00.000Z,2025-05-17,,,,2025-05-17 18:46:00-07:00
1747531860000,2.0132,7.3819,0,0,1,261,66.6,59,29.9,29.9951,24,11520,4960,4485600,66.6,51.82,2025-04-26T15:31:00.000Z,2025-05-17,,,,2025-05-17 18:31:00-07:00
1747530960000,2.4606,8.9477,0,0,1,340,67.3,58,29.9,29.995,30,12600,4930,4464000,67.3,52.01,2025-04-26T15:31:00.000Z,2025-05-17,4.24,,,2025-05-17 18:16:00-07:00
1747530060000,2.4606,6.9345,0,0,1,257,66.9,60,29.9,29.9951,33,15840,4897,4437000,66.9,52.55,2025-04-26T15:31:00.000Z,2025-05-17,,,,2025-05-17 18:01:00-07:00
1747529160000,1.5659,6.7108,0,0,1,230,67.3,60,29.89,29.985,44,18480,4853,4407300,67.3,52.93,2025-04-26T15:31:00.000Z,2025-05-17,,,,2025-05-17 17:46:00-07:00
1747528260000,2.2369,5.816,0,0,1,235,67.3,60,29.89,29.985,37,17760,4816,4367700,67.3,52.93,2025-04-26T15:31:00.000Z,2025-05-17,,,,2025-05-17 17:31:00-07:00
1747527360000,1.7895,6.9345,0,0,1,234,67.5,60,29.89,29.9849,43,18060,4773,4334400,67.5,53.12,2025-04-26T15:31:00.000Z,2025-05-17,4.25,,,2025-05-17 17:16:00-07:00
1747526460000,1.5659,6.7108,0,0,1,325,66.9,63,29.9,29.9951,43,20640,4730,4295700,66.9,53.89,2025-04-26T15:31:00.000Z,2025-05-17,,,,2025-05-17 17:01:00-07:00
1747525560000,2.0132,7.1582,0,0,1,78,66.0,65,29.91,30.0053,47,19740,4683,4257000,66.0,53.89,2025-04-26T15:31:00.000Z,2025-05-17,,,,2025-05-17 16:46:00-07:00
1747524660000,3.1317,10.0662,0,0,1,228,64.4,69,29.91,30.0056,56,26880,4627,4214700,64.4,54.0,2025-04-26T15:31:00.000Z,2025-05-17,,,,2025-05-17 16:31:00-07:00
1747523760000,3.8028,8.9477,0,0,1,216,63.9,71,29.92,30.0157,83,34860,4544,4164300,63.9,54.31,2025-04-26T15:31:00.000Z,2025-05-17,4.27,,,2025-05-17 16:16:00-07:00
1747522860000,5.5923,11.8558,0,0,1,219,63.5,71,29.92,30.0158,53,25440,4491,4089600,63.5,53.92,2025-04-26T15:31:00.000Z,2025-05-17,,,,2025-05-17 16:01:00-07:00
1747521960000,6.0397,9.8425,0,0,1,217,63.9,71,29.92,30.0157,84,35280,4407,4041900,63.9,54.31,2025-04-26T15:31:00.000Z,2025-05-17,,,,2025-05-17 15:46:00-07:00
1747521060000,4.4739,7.3819,0,0,1,223,64.0,70,29.93,30.0257,233,111840,4174,3966300,64.0,54.01,2025-04-26T15:31:00.000Z,2025-05-17,,,,2025-05-17 15:31:00-07:00
1747520160000,3.1317,7.1582,0,0,1,235,64.8,68,29.93,30.0255,240,100800,3934,3756600,64.8,53.98,2025-04-26T15:31:00.000Z,2025-05-17,4.28,,,2025-05-17 15:16:00-07:00
1747519260000,2.0132,5.5923,0,0,1,204,65.1,69,29.94,30.0355,82,39360,3852,3540600,65.1,54.67,2025-04-26T15:31:00.000Z,2025-05-17,,,,2025-05-17 15:01:00-07:00
1747518360000,3.3554,7.8293,0,0,1,212,64.2,72,29.95,30.0457,59,24780,3793,3466800,64.2,54.98,2025-04-26T15:31:00.000Z,2025-05-17,,,,2025-05-17 14:46:00-07:00
1747517460000,3.8028,6.2634,0,0,1,219,63.5,74,29.95,30.0458,80,38400,3713,3413700,63.5,55.06,2025-04-26T15:31:00.000Z,2025-05-17,,,,2025-05-17 14:31:00-07:00
1747516560000,4.2502,7.1582,0,0,1,216,62.4,77,29.96,30.0561,90,37800,3623,3341700,62.4,55.09,2025-04-26T15:31:00.000Z,2025-05-17,4.33,,,2025-05-17 14:16:00-07:00
1747515660000,4.4739,7.1582,0,0,1,218,62.2,76,29.96,30.0561,308,147840,3315,3260700,62.2,54.54,2025-04-26T15:31:00.000Z,2025-05-17,,,,2025-05-17 14:01:00-07:00
1747514760000,5.145,7.3819,0,0,1,217,62.6,75,29.97,30.0661,311,130620,3004,2983500,62.6,54.56,2025-04-26T15:31:00.000Z,2025-05-17,,,,2025-05-17 13:46:00-07:00
1747513860000,3.8028,8.2767,0,0,1,220,64.9,68,29.96,30.0556,80,38400,2924,2703600,64.9,54.08,2025-04-26T15:31:00.000Z,2025-05-17,,,,2025-05-17 13:31:00-07:00
1747512960000,2.6843,6.4871,0,0,1,225,65.1,68,29.96,30.0556,174,73080,2750,2631600,65.1,54.27,2025-04-26T15:31:00.000Z,2025-05-17,4.31,,,2025-05-17 13:16:00-07:00
1747512060000,2.908,7.3819,0,0,1,219,65.5,65,29.96,30.0555,150,72000,2600,2475000,65.5,53.42,2025-04-26T15:31:00.000Z,2025-05-17,,,,2025-05-17 13:01:00-07:00
1747511160000,2.908,4.0265,0,0,1,203,64.9,68,29.98,30.0757,208,87360,2392,2340000,64.9,54.08,2025-04-26T15:31:00.000Z,2025-05-17,,,,2025-05-17 12:46:00-07:00
1747510260000,2.2369,4.0265,0,0,1,203,63.0,71,29.99,30.0861,363,174240,1426,1610100,63.0,53.44,2025-04-26T15:31:00.000Z,2025-05-17,,,,2025-05-17 12:31:00-07:00
1747509360000,2.0132,4.2502,0,0,1,203,62.2,74,30.0,30.0962,336,141120,1789,1826100,62.2,53.81,,2025-05-17,4.37,America/Los_Angeles,True,2025-05-17 12:16:00-07:00
1747508460000,1.7895,5.145,0,0,1,203,60.6,78,30.01,30.1066,267,128160,1789,1523700,60.6,53.7,,2025-05-17,,America/Los_Angeles,True,2025-05-17 12:01:00-07:00
1747507560000,0.6711,3.1317,0,0,1,203,60.3,79,30.01,30.1066,139,58380,1287,1283400,60.3,53.76,2025-04-26T15:31:00.000Z,2025-05-17,,,,2025-05-17 11:46:00-07:00
1747506660000,0.6711,2.908,0,0,1,203,60.4,76,30.01,30.1066,130,62400,1157,1158300,60.4,52.8,2025-04-26T15:31:00.000Z,2025-05-17,4.23,,,2025-05-17 11:31:00-07:00
1747505760000,0.6711,4.6976,0,0,1,203,59.9,74,30.01,30.1067,138,57960,1019,1041300,59.9,51.59,2025-04-26T15:31:00.000Z,2025-05-17,,,,2025-05-17 11:16:00-07:00
1747504860000,0.0,0.0,0,0,1,24,59.4,75,30.01,30.1068,85,40800,934,917100,59.4,51.47,2025-04-26T15:31:00.000Z,2025-05-17,,,,2025-05-17 11:01:00-07:00
1747503960000,0.0,0.0,0,0,1,24,59.2,77,30.01,30.1068,78,32760,856,840600,59.2,51.99,2025-04-26T15:31:00.000Z,2025-05-17,,,,2025-05-17 10:46:00-07:00
1747503060000,0.0,0.0,0,0,1,24,59.2,79,30.01,30.1068,78,37440,678,680400,59.2,52.69,2025-04-26T15:31:00.000Z,2025-05-17,4.23,,,2025-05-17 10:31:00-07:00
1747502160000,0.0,0.0,0,0,1,24,59.2,79,30.01,30.1068,100,42000,756,700200,59.2,52.69,,2025-05-17,,America/Los_Angeles,True,2025-05-17 10:16:00-07:00
1747501260000,0.0,0.0,0,0,1,24,59.0,79,30.0,30.0968,87,41760,591,610200,59.0,52.49,2025-04-26T15:31:00.000Z,2025-05-17,,,,2025-05-17 10:01:00-07:00
1747500360000,0.0,0.0,0,0,1,24,59.0,80,30.0,30.0968,84,35280,507,531900,59.0,52.84,2025-04-26T15:31:00.000Z,2025-05-17,4.23,,,2025-05-17 09:46:00-07:00
1747499460000,0.0,0.0,0,0,1,24,59.2,79,30.01,30.1068,71,34080,436,456300,59.2,52.69,2025-04-26T15:31:00.000Z,2025-05-17,,,,2025-05-17 09:31:00-07:00
1747498560000,0.0,0.0,0,0,1,24,59.4,77,30.01,30.1068,96,40320,188,255600,59.4,52.19,2025-04-26T15:31:00.000Z,2025-05-17,,,,2025-05-17 09:16:00-07:00
1747497660000,0.0,0.0,0,0,1,24,59.2,78,30.0,30.0968,85,40800,351,306000,59.2,52.34,,2025-05-17,,America/Los_Angeles,True,2025-05-17 09:01:00-07:00
1747496760000,0.0,0.0,0,0,1,24,58.5,80,30.01,30.107,67,28140,284,229500,58.5,52.35,,2025-05-17,,America/Los_Angeles,True,2025-05-17 08:46:00-07:00
1747495860000,0.0,0.0,0,0,1,24,57.9,80,30.0,30.097,34,16320,154,169200,57.9,51.77,2025-04-26T15:31:00.000Z,2025-05-17,,,,2025-05-17 08:31:00-07:00
1747494960000,0.0,0.0,0,0,1,24,57.4,83,29.99,30.0871,56,23520,98,138600,57.4,52.28,2025-04-26T15:31:00.000Z,2025-05-17,,,,2025-05-17 08:16:00-07:00
1747494060000,0.0,0.0,0,0,1,24,56.8,85,30.0,30.0973,24,11520,74,88200,56.8,52.34,2025-04-26T15:31:00.000Z,2025-05-17,4.22,,,2025-05-17 08:01:00-07:00
1747493160000,0.0,0.0,0,0,1,24,56.7,86,30.0,30.0973,19,7980,55,66600,56.7,52.56,2025-04-26T15:31:00.000Z,2025-05-17,,,,2025-05-17 07:46:00-07:00
1747492260000,0.0,0.0,0,0,1,24,56.5,87,29.99,30.0873,15,7200,40,49500,56.5,52.68,2025-04-26T15:31:00.000Z,2025-05-17,,,,2025-05-17 07:31:00-07:00
1747491360000,0.0,0.0,0,0,1,24,56.1,87,29.99,30.0874,17,7140,23,36000,56.1,52.28,2025-04-26T15:31:00.000Z,2025-05-17,,,,2025-05-17 07:16:00-07:00
1747490460000,0.0,0.0,0,0,1,24,55.9,87,30.0,30.0974,15,7200,8,20700,55.9,52.09,2025-04-26T15:31:00.000Z,2025-05-17,4.22,,,2025-05-17 07:01:00-07:00
1747489560000,0.0,0.0,0,0,1,24,55.8,86,30.0,30.0974,5,2100,3,7200,55.8,51.67,2025-04-26T15:31:00.000Z,2025-05-17,,,,2025-05-17 06:46:00-07:00
1747488660000,0.0,1.1185,0,0,1,24,55.8,84,29.99,30.0874,2,960,1,2700,55.8,51.04,2025-04-26T15:31:00.000Z,2025-05-17,,,,2025-05-17 06:31:00-07:00
1747487760000,1.1185,2.6843,0,0,1,24,55.4,84,29.98,30.0775,1,420,0,900,55.4,50.65,2025-04-26T15:31:00.000Z,2025-05-17,,,,2025-05-17 06:16:00-07:00
1747486860000,0.4474,2.2369,0,0,1,24,55.2,89,29.98,30.0775,0,0,0,0,55.2,52.01,2025-04-26T15:31:00.000Z,2025-05-17,4.23,,,2025-05-17 06:01:00-07:00
1747485960000,0.0,0.0,0,0,1,24,55.2,89,29.98,30.0775,0,0,0,0,55.2,52.01,2025-04-26T15:31:00.000Z,2025-05-17,,,,2025-05-17 05:46:00-07:00
1747485060000,1.3422,3.1317,0,0,1,24,55.8,87,29.98,30.0774,0,0,0,0,55.8,51.99,2025-04-26T15:31:00.000Z,2025-05-17,,,,2025-05-17 05:31:00-07:00
1747484160000,0.4474,3.8028,0,0,1,227,56.3,86,29.97,30.0673,0,0,0,0,56.3,52.17,2025-04-26T15:31:00.000Z,2025-05-17,,,,2025-05-17 05:16:00-07:00
1747483260000,0.0,0.0,0,0,1,222,56.3,88,29.97,30.0673,0,0,0,0,56.3,52.79,2025-04-26T15:31:00.000Z,2025-05-17,4.23,,,2025-05-17 05:01:00-07:00
1747482360000,0.0,0.0,0,0,1,222,56.3,87,29.96,30.0572,0,0,0,0,56.3,52.48,2025-04-26T15:31:00.000Z,2025-05-17,,,,2025-05-17 04:46:00-07:00
1747481460000,0.0,0.0,0,0,1,222,56.3,86,29.97,30.0673,0,0,0,0,56.3,52.17,2025-04-26T15:31:00.000Z,2025-05-17,,,,2025-05-17 04:31:00-07:00
1747480560000,0.0,0.0,0,0,1,222,56.3,86,29.97,30.0673,0,0,0,0,56.3,52.17,2025-04-26T15:31:00.000Z,2025-05-17,,,,2025-05-17 04:16:00-07:00
1747479660000,0.0,0.0,0,0,1,222,56.1,87,29.97,30.0673,0,0,0,0,56.1,52.28,2025-04-26T15:31:00.000Z,2025-05-17,4.23,,,2025-05-17 04:01:00-07:00
1747478760000,0.0,0.0,0,0,1,222,55.9,88,29.97,30.0673,0,0,0,0,55.9,52.4,2025-04-26T15:31:00.000Z,2025-05-17,,,,2025-05-17 03:46:00-07:00
1747477860000,0.0,1.7895,0,0,1,222,55.8,90,29.97,30.0673,0,0,0,0,55.8,52.91,2025-04-26T15:31:00.000Z,2025-05-17,,,,2025-05-17 03:31:00-07:00
1747476960000,0.0,0.0,0,0,1,222,55.6,91,29.96,30.0574,0,0,0,0,55.6,53.01,2025-04-26T15:31:00.000Z,2025-05-17,,,,2025-05-17 03:16:00-07:00
1747476060000,0.0,0.0,0,0,1,222,55.0,91,29.97,30.0675,0,0,0,0,55.0,52.42,2025-04-26T15:31:00.000Z,2025-05-17,4.22,,,2025-05-17 03:01:00-07:00
1747475160000,0.0,0.0,0,0,1,222,54.1,89,29.97,30.0677,0,0,0,0,54.1,50.93,2025-04-26T15:31:00.000Z,2025-05-17,,,,2025-05-17 02:46:00-07:00
1747474260000,0.0,0.0,0,0,1,222,53.8,90,29.98,30.0778,0,0,0,0,53.8,50.94,2025-04-26T15:31:00.000Z,2025-05-17,,,,2025-05-17 02:31:00-07:00
1747473360000,0.0,0.0,0,0,1,222,52.7,90,29.97,30.0679,0,0,0,0,52.7,49.85,2025-04-26T15:31:00.000Z,2025-05-17,,,,2025-05-17 02:16:00-07:00
1747472460000,0.0,0.0,0,0,1,222,52.3,90,29.98,30.078,0,0,0,0,52.3,49.45,2025-04-26T15:31:00.000Z,2025-05-17,4.22,,,2025-05-17 02:01:00-07:00
1747471560000,0.0,0.0,0,0,1,222,52.0,90,29.98,30.0781,0,0,0,0,52.0,49.16,2025-04-26T15:31:00.000Z,2025-05-17,,,,2025-05-17 01:46:00-07:00
1747470660000,0.0,0.0,0,0,1,222,52.0,90,29.97,30.0681,0,0,0,0,52.0,49.16,2025-04-26T15:31:00.000Z,2025-05-17,,,,2025-05-17 01:31:00-07:00
1747469760000,0.0,0.0,0,0,1,222,52.0,89,29.96,30.058,0,0,0,0,52.0,48.86,2025-04-26T15:31:00.000Z,2025-05-17,,,,2025-05-17 01:16:00-07:00
1747468860000,0.0,0.0,0,0,1,222,52.3,89,29.96,30.058,0,0,0,0,52.3,49.15,2025-04-26T15:31:00.000Z,2025-05-17,4.23,,,2025-05-17 01:01:00-07:00
1747467960000,0.0,0.0,0,0,1,222,52.9,89,29.96,30.0579,0,0,0,0,52.9,49.75,2025-04-26T15:31:00.000Z,2025-05-17,,,,2025-05-17 00:46:00-07:00
1747467060000,0.0,0.0,0,0,1,222,53.2,89,29.96,30.0578,0,0,0,0,53.2,50.04,2025-04-26T15:31:00.000Z,2025-05-17,,,,2025-05-17 00:31:00-07:00
1747466160000,0.0,0.0,0,0,1,222,53.4,90,29.96,30.0578,0,0,0,0,53.4,50.54,2025-04-26T15:31:00.000Z,2025-05-17,,,,2025-05-17 00:16:00-07:00
1747465260000,0.0,0.0,0,0,1,222,53.8,89,29.96,30.0577,0,0,0,0,53.8,50.63,2025-04-26T15:31:00.000Z,2025-05-17,4.23,,,2025-05-17 00:01:00-07:00
