dateutc,windspeedmph,windgustmph,hourlyrainin,dailyrainin,trustdevicetime,winddir,tempf,humidity,batt1volts,baromabsin,baromrelin,solarradiation,sis,sds,solarradday,feelsLike,dewPoint,date,tz,historical,local_time
1748933400000,3.8028,7.1582,0,0,1,260,56.7,92,4.29,29.97,30.0438,0,0,11286,10157400,56.7,54.4,2025-06-02,,,2025-06-02 23:50:00-07:00
1748932500000,3.3554,5.816,0,0,1,270,56.8,92,,29.97,30.0438,0,0,11286,10157400,56.8,54.5,2025-06-02,,,2025-06-02 23:35:00-07:00
1748931600000,3.5791,7.1582,0,0,1,276,56.8,91,,29.97,30.0438,0,0,11286,10157400,56.8,54.2,2025-06-02,,,2025-06-02 23:20:00-07:00
1748930700000,4.4739,8.9477,0,0,1,270,57.0,90,,29.97,30.0437,0,0,11286,10157400,57.0,54.09,2025-06-02,,,2025-06-02 23:05:00-07:00
1748929800000,4.4739,9.1714,0,0,1,269,57.7,87,4.29,29.97,30.0436,0,0,11286,10157400,57.7,53.86,2025-06-02,,,2025-06-02 22:50:00-07:00
1748928900000,4.0265,7.6056,0,0,1,268,58.1,85,,29.97,30.0436,0,0,11286,10157400,58.1,53.61,2025-06-02,,,2025-06-02 22:35:00-07:00
1748928000000,3.5791,7.3819,0,0,1,280,58.3,85,,29.97,30.0436,0,0,11286,10157400,58.3,53.81,2025-06-02,,,2025-06-02 22:20:00-07:00
1748927100000,4.2502,8.2767,0,0,1,271,58.3,85,,29.97,30.0436,0,0,11286,10157400,58.3,53.81,2025-06-02,,,2025-06-02 22:05:00-07:00
1748926200000,4.6976,8.5004,0,0,1,266,58.5,85,4.31,29.96,30.0335,0,0,11286,10157400,58.5,54.0,2025-06-02,,,2025-06-02 21:50:00-07:00
1748925300000,5.3686,10.0662,0,0,1,257,59.0,84,,29.96,30.0334,0,0,11286,10157400,59.0,54.17,2025-06-02,,,2025-06-02 21:35:00-07:00
1748924400000,3.8028,9.6188,0,0,1,288,59.2,83,,29.95,30.0234,0,0,11286,10157400,59.2,54.04,2025-06-02,,,2025-06-02 21:20:00-07:00
1748923500000,3.5791,7.1582,0,0,1,282,59.2,84,,29.95,30.0234,0,0,11286,10157400,59.2,54.37,2025-06-02,,,2025-06-02 21:05:00-07:00
1748922600000,4.0265,7.8293,0,0,1,277,59.0,84,4.31,29.94,30.0134,0,0,11286,10157400,59.0,54.17,2025-06-02,,,2025-06-02 20:50:00-07:00
1748921700000,3.5791,6.9345,0,0,1,281,59.2,84,,29.94,30.0134,0,0,11286,10157400,59.2,54.37,2025-06-02,America/Los_Angeles,True,2025-06-02 20:35:00-07:00
1748920800000,4.2502,7.6056,0,0,1,272,59.2,83,,29.94,30.0134,0,0,11286,10157400,59.2,54.04,2025-06-02,,,2025-06-02 20:20:00-07:00
1748919900000,4.0265,7.1582,0,0,1,269,59.4,83,4.31,29.93,30.0033,3,2700,11283,10157400,59.4,54.23,2025-06-02,,,2025-06-02 20:05:00-07:00
1748919000000,3.8028,7.8293,0,0,1,274,59.9,82,,29.93,30.0032,11,9900,11272,10154700,59.9,54.39,2025-06-02,,,2025-06-02 19:50:00-07:00
1748918100000,3.5791,6.4871,0,0,1,260,60.1,82,,29.93,30.0032,27,24300,11245,10144800,60.1,54.58,2025-06-02,,,2025-06-02 19:35:00-07:00
1748917200000,4.2502,7.3819,0,0,1,268,60.6,83,,29.93,30.0031,46,41400,11199,10120500,60.6,55.41,2025-06-02,,,2025-06-02 19:20:00-07:00
1748916300000,4.2502,8.7241,0,0,1,252,61.2,83,4.32,29.93,30.003,62,55800,11137,10079100,61.2,55.99,2025-06-02,,,2025-06-02 19:05:00-07:00
1748915400000,3.5791,7.6056,0,0,1,256,61.5,81,,29.92,29.993,82,73800,11055,10023300,61.5,55.61,2025-06-02,,,2025-06-02 18:50:00-07:00
1748914500000,4.6976,8.9477,0,0,1,268,61.5,81,,29.92,29.993,106,95400,10949,9949500,61.5,55.61,2025-06-02,,,2025-06-02 18:35:00-07:00
1748913600000,4.6976,8.053,0,0,1,272,61.0,81,,29.92,29.9931,104,93600,10845,9854100,61.0,55.12,2025-06-02,,,2025-06-02 18:20:00-07:00
1748912700000,4.9213,10.0662,0,0,1,283,60.8,81,4.36,29.92,29.9931,112,100800,10733,9760500,60.8,54.93,2025-06-02,,,2025-06-02 18:05:00-07:00
1748911800000,4.9213,10.2899,0,0,1,279,61.0,80,,29.92,29.9931,157,141300,10576,9659700,61.0,54.78,2025-06-02,,,2025-06-02 17:50:00-07:00
1748910900000,5.5923,11.1847,0,0,1,278,60.8,81,,29.93,30.0031,184,165600,10392,9518400,60.8,54.93,2025-06-02,,,2025-06-02 17:35:00-07:00
1748910000000,6.0397,10.961,0,0,1,278,60.6,82,,29.93,30.0031,190,171000,10202,9352800,60.6,55.07,2025-06-02,,,2025-06-02 17:20:00-07:00
1748909100000,6.0397,12.5268,0,0,1,274,61.3,81,4.38,29.93,30.003,212,190800,9990,9181800,61.3,55.42,2025-06-02,,,2025-06-02 17:05:00-07:00
1748908200000,5.816,10.2899,0,0,1,263,62.4,80,,29.93,30.0029,249,224100,9741,8991000,62.4,56.14,2025-06-02,,,2025-06-02 16:50:00-07:00
1748907300000,5.145,10.5136,0,0,1,270,63.0,80,,29.93,30.0028,276,248400,9465,8766900,63.0,56.73,2025-06-02,,,2025-06-02 16:35:00-07:00
1748906400000,5.5923,10.7373,0,0,1,255,63.0,81,,29.93,30.0028,325,292500,9140,8518500,63.0,57.07,2025-06-02,,,2025-06-02 16:20:00-07:00
1748905500000,6.0397,10.7373,0,0,1,240,63.1,81,4.39,29.93,30.0028,310,279000,8830,8226000,63.1,57.17,2025-06-02,,,2025-06-02 16:05:00-07:00
1748904600000,3.5791,7.1582,0,0,1,234,63.5,80,,29.94,30.0128,338,304200,8492,7947000,63.5,57.21,2025-06-02,,,2025-06-02 15:50:00-07:00
1748903700000,3.5791,8.5004,0,0,1,267,62.6,82,,29.94,30.0129,264,237600,8228,7642800,62.6,57.02,2025-06-02,,,2025-06-02 15:35:00-07:00
1748902800000,5.145,10.2899,0,0,1,270,62.2,82,,29.95,30.023,249,224100,7979,7405200,62.2,56.63,2025-06-02,,,2025-06-02 15:20:00-07:00
1748901900000,5.145,9.6188,0,0,1,266,63.1,81,4.39,29.95,30.0228,265,238500,7714,7181100,63.1,57.17,2025-06-02,,,2025-06-02 15:05:00-07:00
1748901000000,4.6976,8.7241,0,0,1,262,63.3,81,,29.95,30.0228,266,239400,7448,6942600,63.3,57.37,2025-06-02,,,2025-06-02 14:50:00-07:00
1748900100000,5.145,8.7241,0,0,1,198,64.4,79,,29.96,30.0327,283,254700,7165,6703200,64.4,57.74,2025-06-02,,,2025-06-02 14:35:00-07:00
1748899200000,5.145,8.7241,0,0,1,161,64.9,78,,29.96,30.0326,295,265500,6870,6448500,64.9,57.87,2025-06-02,,,2025-06-02 14:20:00-07:00
1748898300000,5.5923,9.3951,0,0,1,145,64.9,78,4.42,29.96,30.0326,299,269100,6571,6183000,64.9,57.87,2025-06-02,,,2025-06-02 14:05:00-07:00
1748897400000,6.0397,11.4084,0,0,1,155,64.9,78,,29.96,30.0326,323,290700,6248,5913900,64.9,57.87,2025-06-02,,,2025-06-02 13:50:00-07:00
1748896500000,5.5923,9.1714,0,0,1,150,64.9,78,,29.96,30.0326,332,298800,5916,5623200,64.9,57.87,2025-06-02,,,2025-06-02 13:35:00-07:00
1748895600000,6.2634,10.7373,0,0,1,146,64.8,77,,29.97,30.0426,340,306000,5576,5324400,64.8,57.41,2025-06-02,,,2025-06-02 13:20:00-07:00
1748894700000,5.816,9.6188,0,0,1,137,64.8,77,4.49,29.97,30.0426,314,282600,5262,5018400,64.8,57.41,2025-06-02,,,2025-06-02 13:05:00-07:00
1748893800000,5.5923,10.5136,0,0,1,137,64.9,77,,29.96,30.0326,315,283500,4947,4735800,64.9,57.51,2025-06-02,,,2025-06-02 12:50:00-07:00
1748892900000,6.7108,11.8558,0,0,1,130,64.8,77,,29.96,30.0326,359,323100,4588,4452300,64.8,57.41,2025-06-02,,,2025-06-02 12:35:00-07:00
1748892000000,6.7108,12.0795,0,0,1,132,64.2,79,,29.96,30.0327,303,272700,4285,4129200,64.2,57.55,2025-06-02,,,2025-06-02 12:20:00-07:00
1748891100000,6.7108,12.5268,0,0,1,133,64.2,79,4.46,29.96,30.0327,324,291600,3961,3856500,64.2,57.55,2025-06-02,,,2025-06-02 12:05:00-07:00
1748890200000,6.9345,11.8558,0,0,1,140,63.7,80,,29.96,30.0328,298,268200,3663,3564900,63.7,57.41,2025-06-02,,,2025-06-02 11:50:00-07:00
1748889300000,7.1582,12.5268,0,0,1,134,63.5,80,,29.96,30.0328,311,279900,3352,3296700,63.5,57.21,2025-06-02,,,2025-06-02 11:35:00-07:00
1748888400000,7.3819,12.7505,0,0,1,135,62.8,82,,29.96,30.0329,269,242100,3083,3016800,62.8,57.22,2025-06-02,,,2025-06-02 11:20:00-07:00
1748887500000,7.8293,12.7505,0,0,1,143,62.6,83,4.44,29.96,30.0329,262,235800,2821,2774700,62.6,57.36,2025-06-02,,,2025-06-02 11:05:00-07:00
1748886600000,7.1582,12.9742,0,0,1,148,62.4,84,,29.96,30.033,231,207900,2590,2538900,62.4,57.5,2025-06-02,,,2025-06-02 10:50:00-07:00
1748885700000,7.8293,13.869,0,0,1,144,63.0,82,,29.96,30.0329,257,231300,2333,2331000,63.0,57.41,2025-06-02,,,2025-06-02 10:35:00-07:00
1748884800000,7.6056,12.5268,0,0,1,144,63.1,82,,29.96,30.0329,287,258300,2046,2099700,63.1,57.51,2025-06-02,,,2025-06-02 10:20:00-07:00
1748883900000,8.5004,12.9742,0,0,1,148,63.0,82,4.45,29.95,30.0228,304,273600,1742,1841400,63.0,57.41,2025-06-02,,,2025-06-02 10:05:00-07:00
1748883000000,8.2767,12.9742,0,0,1,145,63.5,81,,29.96,30.0328,322,289800,1420,1567800,63.5,57.56,2025-06-02,,,2025-06-02 09:50:00-07:00
1748882100000,6.9345,12.9742,0,0,1,135,63.7,81,,29.96,30.0328,315,283500,1105,1278000,63.7,57.76,2025-06-02,,,2025-06-02 09:35:00-07:00
1748881200000,6.0397,12.5268,0,0,1,122,62.6,83,,29.95,30.0229,228,205200,877,994500,62.6,57.36,2025-06-02,,,2025-06-02 09:20:00-07:00
1748880300000,5.816,11.4084,0,0,1,133,62.4,83,4.27,29.95,30.0229,159,143100,718,789300,62.4,57.16,2025-06-02,,,2025-06-02 09:05:00-07:00
1748879400000,6.0397,10.961,0,0,1,122,62.1,83,,29.94,30.0129,145,130500,573,646200,62.1,56.87,2025-06-02,,,2025-06-02 08:50:00-07:00
1748878500000,6.0397,10.7373,0,0,1,123,62.1,83,,29.94,30.0129,148,133200,425,515700,62.1,56.87,2025-06-02,,,2025-06-02 08:35:00-07:00
1748877600000,5.816,10.0662,0,0,1,116,61.7,83,,29.94,30.013,142,127800,283,382500,61.7,56.48,2025-06-02,,,2025-06-02 08:20:00-07:00
1748876700000,5.3686,9.6188,0,0,1,118,61.3,84,4.25,29.93,30.003,106,95400,177,254700,61.3,56.42,2025-06-02,,,2025-06-02 08:05:00-07:00
1748875800000,5.3686,10.7373,0,0,1,122,60.8,85,,29.93,30.0031,62,55800,115,159300,60.8,56.26,2025-06-02,,,2025-06-02 07:50:00-07:00
1748874900000,4.9213,9.3951,0,0,1,130,60.6,86,,29.93,30.0031,38,34200,77,103500,60.6,56.39,2025-06-02,,,2025-06-02 07:35:00-07:00
1748874000000,4.6976,8.2767,0,0,1,131,60.6,86,,29.93,30.0031,24,21600,53,69300,60.6,56.39,2025-06-02,,,2025-06-02 07:20:00-07:00
1748873100000,4.0265,8.2767,0,0,1,130,60.4,86,4.25,29.93,30.0032,20,18000,33,47700,60.4,56.19,2025-06-02,,,2025-06-02 07:05:00-07:00
1748872200000,4.2502,8.5004,0,0,1,120,60.3,86,,29.92,29.9931,17,15300,16,29700,60.3,56.09,2025-06-02,,,2025-06-02 06:50:00-07:00
1748871300000,4.4739,8.053,0,0,1,135,60.3,86,,29.92,29.9931,12,10800,4,14400,60.3,56.09,2025-06-02,,,2025-06-02 06:35:00-07:00
1748870400000,3.5791,8.7241,0,0,1,123,60.1,86,,29.91,29.9832,4,3600,0,3600,60.1,55.9,2025-06-02,,,2025-06-02 06:20:00-07:00
1748869500000,2.2369,9.1714,0,0,1,93,59.7,86,4.25,29.91,29.9832,0,0,0,0,59.7,55.5,2025-06-02,,,2025-06-02 06:05:00-07:00
1748868600000,0.0,0.0,0,0,1,338,59.2,87,,29.91,29.9833,0,0,0,0,59.2,55.33,2025-06-02,,,2025-06-02 05:50:00-07:00
1748867700000,0.0,0.0,0,0,1,338,58.6,88,,29.91,29.9834,0,0,0,0,58.6,55.05,2025-06-02,,,2025-06-02 05:35:00-07:00
1748866800000,0.0,0.0,0,0,1,338,58.5,88,,29.91,29.9834,0,0,0,0,58.5,54.96,2025-06-02,,,2025-06-02 05:20:00-07:00
1748865900000,0.0,0.0,0,0,1,338,58.3,89,4.26,29.91,29.9834,0,0,0,0,58.3,55.07,2025-06-02,,,2025-06-02 05:05:00-07:00
1748865000000,0.0,1.5659,0,0,1,338,58.1,89,,29.91,29.9834,0,0,0,0,58.1,54.87,2025-06-02,,,2025-06-02 04:50:00-07:00
1748864100000,0.6711,3.1317,0,0,1,338,57.9,90,,29.91,29.9835,0,0,0,0,57.9,54.98,2025-06-02,,,2025-06-02 04:35:00-07:00
1748863200000,0.4474,2.4606,0,0,1,338,57.7,91,,29.91,29.9835,0,0,0,0,57.7,55.09,2025-06-02,,,2025-06-02 04:20:00-07:00
1748862300000,0.8948,2.908,0,0,1,338,57.6,91,4.27,29.9,29.9735,0,0,0,0,57.6,54.99,2025-06-02,,,2025-06-02 04:05:00-07:00
1748861400000,0.4474,2.908,0,0,1,338,57.4,92,,29.9,29.9735,0,0,0,0,57.4,55.09,2025-06-02,,,2025-06-02 03:50:00-07:00
1748860500000,0.0,2.4606,0,0,1,116,57.4,92,,29.9,29.9735,0,0,0,0,57.4,55.09,2025-06-02,,,2025-06-02 03:35:00-07:00
1748859600000,0.0,2.2369,0,0,1,131,57.4,92,,29.91,29.9835,0,0,0,0,57.4,55.09,2025-06-02,,,2025-06-02 03:20:00-07:00
1748858700000,0.0,1.5659,0,0,1,131,57.2,92,4.28,29.91,29.9836,0,0,0,0,57.2,54.9,2025-06-02,,,2025-06-02 03:05:00-07:00
1748857800000,0.4474,2.4606,0,0,1,131,57.2,91,,29.91,29.9836,0,0,0,0,57.2,54.6,2025-06-02,,,2025-06-02 02:50:00-07:00
1748856900000,0.0,2.6843,0,0,1,131,57.2,91,,29.9,29.9735,0,0,0,0,57.2,54.6,2025-06-02,,,2025-06-02 02:35:00-07:00
1748856000000,0.4474,3.1317,0,0,1,131,57.2,91,,29.9,29.9735,0,0,0,0,57.2,54.6,2025-06-02,,,2025-06-02 02:20:00-07:00
1748855100000,2.2369,6.4871,0,0,1,131,57.2,91,4.29,29.9,29.9735,0,0,0,0,57.2,54.6,2025-06-02,,,2025-06-02 02:05:00-07:00
1748854200000,3.8028,7.1582,0,0,1,152,56.8,91,,29.9,29.9736,0,0,0,0,56.8,54.2,2025-06-02,,,2025-06-02 01:50:00-07:00
1748853300000,4.6976,8.9477,0,0,1,159,56.7,91,,29.9,29.9736,0,0,0,0,56.7,54.1,2025-06-02,,,2025-06-02 01:35:00-07:00
1748852400000,6.0397,10.2899,0,0,1,149,57.0,91,,29.91,29.9836,0,0,0,0,57.0,54.4,2025-06-02,,,2025-06-02 01:20:00-07:00
1748851500000,5.3686,10.0662,0,0,1,140,57.0,91,4.28,29.91,29.9836,0,0,0,0,57.0,54.4,2025-06-02,,,2025-06-02 01:05:00-07:00
1748850600000,4.9213,10.2899,0,0,1,126,57.2,91,,29.91,29.9836,0,0,0,0,57.2,54.6,2025-06-02,,,2025-06-02 00:50:00-07:00
1748849700000,6.0397,11.4084,0,0,1,123,57.4,91,,29.91,29.9835,0,0,0,0,57.4,54.79,2025-06-02,,,2025-06-02 00:35:00-07:00
1748848800000,5.816,10.2899,0,0,1,117,57.6,92,,29.9,29.9735,0,0,0,0,57.6,55.29,2025-06-02,,,2025-06-02 00:20:00-07:00
1748847900000,5.145,11.6321,0,0,1,112,57.7,92,4.29,29.91,29.9835,0,0,0,0,57.7,55.39,2025-06-02,,,2025-06-02 00:05:00-07:00
