dateutc,windspeedmph,windgustmph,hourlyrainin,dailyrainin,trustdevicetime,winddir,tempf,humidity,batt1volts,baromabsin,baromrelin,solarradiation,sis,sds,solarradday,tz,historical,feelsLike,dewPoint,date,lastRain,local_time
1742021340000,1.3422,6.7108,0.0,0.0,1,278,51.3,80,4.28,29.99,30.0646,0,0,0,6619500,America/Los_Angeles,True,51.3,45.34,2025-03-14,,2025-03-14 23:49:00-07:00
1742020440000,1.5659,5.145,0.0,0.0,1,332,51.4,82,,29.98,30.0546,0,0,0,6619500,America/Los_Angeles,True,51.4,46.09,2025-03-14,,2025-03-14 23:34:00-07:00
1742019540000,1.7895,6.0397,0.0,0.0,1,320,51.4,84,,29.99,30.0646,0,0,0,6619500,America/Los_Angeles,True,51.4,46.73,2025-03-14,,2025-03-14 23:19:00-07:00
1742018640000,1.1185,5.5923,0.0,0.21,1,296,51.1,83,4.29,29.98,30.0546,0,0,7355,6619500,,,51.1,46.12,2025-03-14,2025-03-14T20:04:00.000Z,2025-03-14 23:04:00-07:00
1742017740000,0.0,3.3554,0.0,0.21,1,238,51.1,83,,29.98,30.0546,0,0,7355,6619500,,,51.1,46.12,2025-03-14,2025-03-14T20:04:00.000Z,2025-03-14 22:49:00-07:00
1742016840000,1.5659,7.3819,0.0,0.21,1,300,51.1,84,,29.98,30.0546,0,0,7355,6619500,,,51.1,46.44,2025-03-14,2025-03-14T20:04:00.000Z,2025-03-14 22:34:00-07:00
1742015940000,1.7895,8.2767,0.0,0.21,1,284,48.6,92,,29.97,30.045,0,0,7355,6619500,,,48.6,46.38,2025-03-14,2025-03-14T20:04:00.000Z,2025-03-14 22:19:00-07:00
1742015040000,0.0,4.0265,0.0,0.21,1,287,46.8,97,4.29,29.97,30.0452,0,0,7355,6619500,,,46.8,45.99,2025-03-14,2025-03-14T20:04:00.000Z,2025-03-14 22:04:00-07:00
1742014140000,0.0,0.0,0.0,0.21,1,287,46.9,96,,29.97,30.0452,0,0,7355,6619500,,,46.9,45.82,2025-03-14,2025-03-14T20:04:00.000Z,2025-03-14 21:49:00-07:00
1742013240000,0.0,0.0,0.0,0.21,1,287,47.5,96,,29.97,30.0451,0,0,7355,6619500,,,47.5,46.42,2025-03-14,2025-03-14T20:04:00.000Z,2025-03-14 21:34:00-07:00
1742012340000,0.0,1.3422,0.0,0.21,1,287,47.8,96,,29.98,30.0551,0,0,7355,6619500,America/Los_Angeles,True,47.8,46.72,2025-03-14,,2025-03-14 21:19:00-07:00
1742011440000,0.6711,2.908,0.0,0.21,1,287,48.0,96,4.3,29.98,30.0551,0,0,7355,6619500,,,48.0,46.91,2025-03-14,2025-03-14T20:04:00.000Z,2025-03-14 21:04:00-07:00
1742010540000,0.0,0.0,0.0,0.21,1,287,48.0,95,,29.97,30.045,0,0,7355,6619500,,,48.0,46.64,2025-03-14,2025-03-14T20:04:00.000Z,2025-03-14 20:49:00-07:00
1742009640000,0.0,0.0,0.0,0.21,1,287,47.8,94,,29.96,30.0351,0,0,7355,6619500,,,47.8,46.16,2025-03-14,2025-03-14T20:04:00.000Z,2025-03-14 20:34:00-07:00
1742008740000,0.0,2.0132,0.0,0.21,1,287,48.0,93,,29.96,30.035,0,0,7355,6619500,,,48.0,46.07,2025-03-14,2025-03-14T20:04:00.000Z,2025-03-14 20:19:00-07:00
1742007840000,1.7895,4.2502,0.0,0.21,1,287,48.6,93,4.31,29.96,30.0349,0,0,7355,6619500,,,48.6,46.67,2025-03-14,2025-03-14T20:04:00.000Z,2025-03-14 20:04:00-07:00
1742006940000,4.2502,7.1582,0.0,0.21,1,254,48.7,92,,29.96,30.0349,0,0,7355,6619500,,,47.19,46.48,2025-03-14,2025-03-14T20:04:00.000Z,2025-03-14 19:49:00-07:00
1742006040000,0.8948,4.2502,0.0,0.21,1,228,49.1,91,,29.96,30.0349,0,0,7355,6619500,,,49.1,46.59,2025-03-14,2025-03-14T20:04:00.000Z,2025-03-14 19:34:00-07:00
1742005140000,1.5659,5.816,0.0,0.21,1,209,49.1,90,,29.96,30.0349,0,0,7355,6619500,,,49.1,46.29,2025-03-14,2025-03-14T20:04:00.000Z,2025-03-14 19:19:00-07:00
1742004240000,0.0,1.5659,0.0,0.21,1,169,49.3,89,4.32,29.96,30.0348,5,4500,7350,6619500,,,49.3,46.2,2025-03-14,2025-03-14T20:04:00.000Z,2025-03-14 19:04:00-07:00
1742003340000,0.6711,2.908,0.0,0.21,1,134,50.0,87,,29.95,30.0247,18,16200,7332,6615000,,,50.0,46.28,2025-03-14,2025-03-14T20:04:00.000Z,2025-03-14 18:49:00-07:00
1742002440000,1.3422,4.0265,0.0,0.21,1,134,50.9,85,,29.95,30.0246,47,42300,7136,6464700,,,50.9,46.55,2025-03-14,2025-03-14T20:04:00.000Z,2025-03-14 18:34:00-07:00
1742001540000,2.2369,5.3686,0.0,0.21,1,143,51.3,85,,29.96,30.0345,87,78300,7245,6556500,America/Los_Angeles,True,51.3,46.95,2025-03-14,,2025-03-14 18:19:00-07:00
1742000640000,2.4606,5.5923,0.0,0.21,1,133,51.1,86,,29.96,30.0346,62,55800,7183,6478200,America/Los_Angeles,True,51.1,47.06,2025-03-14,,2025-03-14 18:04:00-07:00
1741999740000,3.1317,6.2634,0.0,0.21,1,133,51.3,86,,29.95,30.0245,66,59400,7070,6422400,,,51.3,47.26,2025-03-14,2025-03-14T20:04:00.000Z,2025-03-14 17:49:00-07:00
1741998840000,4.2502,7.3819,0.0,0.21,1,143,51.3,86,,29.95,30.0245,56,50400,7014,6363000,,,51.3,47.26,2025-03-14,2025-03-14T20:04:00.000Z,2025-03-14 17:34:00-07:00
1741997940000,4.6976,7.8293,0.0,0.21,1,134,51.6,86,4.37,29.95,30.0245,60,54000,6954,6312600,,,51.6,47.55,2025-03-14,2025-03-14T20:04:00.000Z,2025-03-14 17:19:00-07:00
1741997040000,5.816,10.7373,0.0,0.21,1,132,51.8,87,,29.94,30.0144,102,91800,6852,6258600,,,51.8,48.05,2025-03-14,2025-03-14T20:04:00.000Z,2025-03-14 17:04:00-07:00
1741996140000,3.8028,9.1714,0.0,0.21,1,145,51.8,86,,29.95,30.0244,83,74700,6769,6166800,,,51.8,47.75,2025-03-14,2025-03-14T20:04:00.000Z,2025-03-14 16:49:00-07:00
1741995240000,3.5791,7.3819,0.0,0.21,1,121,52.2,84,,29.95,30.0244,117,105300,6652,6092100,,,52.2,47.51,2025-03-14,2025-03-14T20:04:00.000Z,2025-03-14 16:34:00-07:00
1741994340000,5.3686,8.7241,0.0,0.21,1,123,52.2,85,4.45,29.95,30.0244,174,156600,6478,5986800,,,52.2,47.83,2025-03-14,2025-03-14T20:04:00.000Z,2025-03-14 16:19:00-07:00
1741993440000,4.0265,8.5004,0.0,0.21,1,120,51.8,86,,29.95,30.0244,171,153900,6307,5830200,,,51.8,47.75,2025-03-14,2025-03-14T20:04:00.000Z,2025-03-14 16:04:00-07:00
1741992540000,6.0397,10.2899,0.0,0.21,1,129,51.6,86,,29.94,30.0144,194,174600,6113,5676300,,,51.6,47.55,2025-03-14,2025-03-14T20:04:00.000Z,2025-03-14 15:49:00-07:00
1741991640000,6.2634,12.3031,0.0,0.21,1,125,52.0,85,,29.94,30.0144,215,193500,5898,5501700,,,52.0,47.63,2025-03-14,2025-03-14T20:04:00.000Z,2025-03-14 15:34:00-07:00
1741990740000,5.816,14.3164,0.0,0.21,1,113,52.2,86,4.55,29.94,30.0144,226,203400,5672,5308200,,,52.2,48.14,2025-03-14,2025-03-14T20:04:00.000Z,2025-03-14 15:19:00-07:00
1741989840000,5.3686,12.5268,0.0,0.21,1,110,52.0,87,,29.94,30.0144,225,202500,5447,5104800,,,52.0,48.25,2025-03-14,2025-03-14T20:04:00.000Z,2025-03-14 15:04:00-07:00
1741988940000,7.1582,12.7505,0.0,0.21,1,112,51.6,88,,29.95,30.0245,319,287100,5128,4902300,,,51.6,48.16,2025-03-14,2025-03-14T20:04:00.000Z,2025-03-14 14:49:00-07:00
1741988040000,7.3819,15.2112,0.0,0.21,1,117,52.2,89,,29.95,30.0244,311,279900,4817,4615200,,,52.2,49.06,2025-03-14,2025-03-14T20:04:00.000Z,2025-03-14 14:34:00-07:00
1741987140000,6.2634,13.1979,0.0,0.21,1,117,52.5,89,4.61,29.96,30.0344,418,376200,4399,4335300,,,52.5,49.35,2025-03-14,2025-03-14T20:04:00.000Z,2025-03-14 14:19:00-07:00
1741986240000,3.5791,10.0662,0.0,0.21,1,116,52.3,89,,29.97,30.0444,333,299700,4066,3959100,,,52.3,49.15,2025-03-14,2025-03-14T20:04:00.000Z,2025-03-14 14:04:00-07:00
1741985340000,4.0265,12.0795,0.0,0.21,1,96,51.8,90,,29.97,30.0445,285,256500,3781,3659400,,,51.8,48.96,2025-03-14,2025-03-14T20:04:00.000Z,2025-03-14 13:49:00-07:00
1741984440000,4.9213,11.6321,0.0,0.21,1,109,51.6,91,,29.97,30.0445,308,277200,3473,3402900,,,51.6,49.06,2025-03-14,2025-03-14T20:04:00.000Z,2025-03-14 13:34:00-07:00
1741983540000,4.6976,10.5136,0.0,0.21,1,102,51.3,93,4.51,29.97,30.0446,328,295200,3145,3125700,,,51.3,49.34,2025-03-14,2025-03-14T20:04:00.000Z,2025-03-14 13:19:00-07:00
1741982640000,4.4739,11.8558,0.0315,0.2,1,97,50.5,92,,29.97,30.0447,297,267300,2848,2830500,,,50.5,48.26,2025-03-14,2025-03-14T20:04:00.000Z,2025-03-14 13:04:00-07:00
1741981740000,4.0265,11.1847,0.0,0.2,1,98,50.5,94,,29.97,30.0447,307,276300,2541,2563200,,,50.5,48.84,2025-03-14,2025-03-14T19:34:00.000Z,2025-03-14 12:49:00-07:00
1741980840000,4.9213,13.1979,0.0315,0.19,1,102,49.8,94,,29.98,30.0548,321,288900,2220,2286900,,,48.03,48.14,2025-03-14,2025-03-14T19:34:00.000Z,2025-03-14 12:34:00-07:00
1741979940000,4.0265,11.4084,0.0315,0.18,1,80,49.6,94,4.42,29.99,30.0649,253,227700,1967,1998000,,,48.39,47.94,2025-03-14,2025-03-14T19:19:00.000Z,2025-03-14 12:19:00-07:00
1741979040000,2.4606,9.8425,0.126,0.15,1,72,49.1,94,,29.99,30.0649,183,164700,1784,1770300,,,49.1,47.45,2025-03-14,2025-03-14T19:04:00.000Z,2025-03-14 12:04:00-07:00
1741978140000,4.2502,10.961,0.0315,0.14,1,87,48.9,94,,29.98,30.0549,225,202500,1559,1605600,,,47.42,47.25,2025-03-14,2025-03-14T18:49:00.000Z,2025-03-14 11:49:00-07:00
1741977240000,4.2502,11.8558,0.0945,0.12,1,105,48.7,93,,29.98,30.055,167,150300,1392,1403100,,,47.19,46.77,2025-03-14,2025-03-14T18:34:00.000Z,2025-03-14 11:34:00-07:00
1741976340000,2.2369,8.9477,0.126,0.09,1,93,48.9,93,4.37,29.99,30.065,125,112500,1267,1252800,,,48.9,46.97,2025-03-14,2025-03-14T18:19:00.000Z,2025-03-14 11:19:00-07:00
1741975440000,2.0132,7.6056,0.0,0.09,1,76,48.7,93,,29.99,30.065,178,160200,1089,1140300,,,48.7,46.77,2025-03-14,2025-03-14T17:49:00.000Z,2025-03-14 11:04:00-07:00
1741974540000,3.3554,9.6188,0.0315,0.08,1,90,48.4,93,,29.99,30.065,214,192600,875,980100,,,47.54,46.47,2025-03-14,2025-03-14T17:49:00.000Z,2025-03-14 10:49:00-07:00
1741973640000,2.2369,7.8293,0.0945,0.06,1,91,47.8,93,,30.0,30.0752,151,135900,724,787500,,,47.8,45.88,2025-03-14,2025-03-14T17:34:00.000Z,2025-03-14 10:34:00-07:00
1741972740000,2.908,11.1847,0.0,0.06,1,84,47.3,92,4.26,30.0,30.0752,127,114300,597,651600,,,47.3,45.09,2025-03-14,2025-03-14T17:04:00.000Z,2025-03-14 10:19:00-07:00
1741971840000,2.4606,10.5136,0.0315,0.05,1,94,47.5,92,,30.0,30.0752,116,104400,481,537300,,,47.5,45.29,2025-03-14,2025-03-14T17:04:00.000Z,2025-03-14 10:04:00-07:00
1741970940000,1.3422,5.816,0.0315,0.04,1,112,47.7,91,,30.0,30.0752,107,96300,374,432900,,,47.7,45.2,2025-03-14,2025-03-14T16:49:00.000Z,2025-03-14 09:49:00-07:00
1741970040000,0.2237,5.145,0.0,0.04,1,120,47.5,90,,30.0,30.0752,76,68400,298,336600,,,47.5,44.71,2025-03-14,2025-03-14T14:34:00.000Z,2025-03-14 09:34:00-07:00
1741969140000,2.2369,7.1582,0.0,0.04,1,69,46.8,91,4.23,29.98,30.0553,93,83700,205,268200,,,46.8,44.31,2025-03-14,2025-03-14T14:34:00.000Z,2025-03-14 09:19:00-07:00
1741968240000,0.8948,4.6976,0.0,0.03,1,63,46.2,91,,29.98,30.0553,55,49500,11,59400,,,46.2,43.72,2025-03-14,2025-03-14T14:34:00.000Z,2025-03-14 09:04:00-07:00
1741967340000,0.4474,5.145,0.0,0.04,1,27,45.9,91,,29.98,30.0554,47,42300,158,135000,America/Los_Angeles,True,45.9,43.42,2025-03-14,,2025-03-14 08:49:00-07:00
1741966440000,0.0,1.3422,0.0,0.03,1,323,45.7,92,4.23,29.98,30.0554,31,27900,66,92700,America/Los_Angeles,True,45.7,43.51,2025-03-14,,2025-03-14 08:34:00-07:00
1741965540000,0.2237,3.1317,0.0315,0.03,1,79,45.3,94,,29.98,30.0555,28,25200,66,64800,America/Los_Angeles,True,45.3,43.68,2025-03-14,,2025-03-14 08:19:00-07:00
1741964640000,0.0,3.5791,0.0,0.03,1,287,45.0,95,4.23,29.98,30.0555,33,29700,66,39600,America/Los_Angeles,True,45.0,43.65,2025-03-14,,2025-03-14 08:04:00-07:00
1741963740000,0.0,0.0,0.0,0.03,1,286,45.0,95,,29.98,30.0555,10,9000,1,9900,,,45.0,43.65,2025-03-14,2025-03-14T14:34:00.000Z,2025-03-14 07:49:00-07:00
1741962840000,0.0,0.0,0.0315,0.02,1,286,45.0,95,,29.97,30.0455,1,900,0,900,,,45.0,43.65,2025-03-14,2025-03-14T14:34:00.000Z,2025-03-14 07:34:00-07:00
1741961940000,0.0,0.0,0.0,0.02,1,286,45.0,94,4.23,29.97,30.0455,0,0,0,0,,,45.0,43.38,2025-03-14,2025-03-14T14:04:00.000Z,2025-03-14 07:19:00-07:00
1741961040000,0.0,0.0,0.0315,0.01,1,286,45.0,93,,29.97,30.0455,0,0,0,0,,,45.0,43.1,2025-03-14,2025-03-14T14:04:00.000Z,2025-03-14 07:04:00-07:00
1741960140000,0.0,0.0,0.0,0.01,1,286,45.0,91,,29.96,30.0355,0,0,0,0,,,45.0,42.53,2025-03-14,2025-03-14T13:34:00.000Z,2025-03-14 06:49:00-07:00
1741959240000,0.0,0.0,0.0315,0.0,1,286,45.0,89,,29.96,30.0355,0,0,0,0,,,45.0,41.96,2025-03-14,2025-03-14T13:34:00.000Z,2025-03-14 06:34:00-07:00
1741958340000,0.0,0.0,0.0,0.0,1,286,44.8,87,4.24,29.97,30.0455,0,0,0,0,,,44.8,41.17,2025-03-14,2025-03-13T18:34:00.000Z,2025-03-14 06:19:00-07:00
1741957440000,0.0,0.0,0.0,0.0,1,286,44.8,87,,29.97,30.0455,0,0,0,0,,,44.8,41.17,2025-03-14,2025-03-13T18:34:00.000Z,2025-03-14 06:04:00-07:00
1741956540000,0.0,0.0,0.0,0.0,1,286,45.0,84,,29.96,30.0355,0,0,0,0,,,45.0,40.46,2025-03-14,2025-03-13T18:34:00.000Z,2025-03-14 05:49:00-07:00
1741955640000,0.0,0.0,0.0,0.0,1,286,44.8,81,,29.96,30.0355,0,0,0,0,,,44.8,39.33,2025-03-14,2025-03-13T18:34:00.000Z,2025-03-14 05:34:00-07:00
1741954740000,0.0,0.0,0.0,0.0,1,286,44.6,81,4.25,29.96,30.0355,0,0,0,0,,,44.6,39.14,2025-03-14,2025-03-13T18:34:00.000Z,2025-03-14 05:19:00-07:00
1741953840000,0.0,0.0,0.0,0.0,1,286,44.4,80,,29.96,30.0356,0,0,0,0,,,44.4,38.62,2025-03-14,2025-03-13T18:34:00.000Z,2025-03-14 05:04:00-07:00
1741952940000,0.0,0.0,0.0,0.0,1,286,44.4,81,,29.97,30.0456,0,0,0,0,,,44.4,38.94,2025-03-14,2025-03-13T18:34:00.000Z,2025-03-14 04:49:00-07:00
1741952040000,0.0,0.0,0.0,0.0,1,286,44.4,79,,29.97,30.0456,0,0,0,0,,,44.4,38.3,2025-03-14,2025-03-13T18:34:00.000Z,2025-03-14 04:34:00-07:00
1741951140000,0.2237,2.2369,0.0,0.0,1,286,43.5,81,4.25,29.97,30.0457,0,0,0,0,,,43.5,38.06,2025-03-14,2025-03-13T18:34:00.000Z,2025-03-14 04:19:00-07:00
1741950240000,0.0,1.5659,0.0,0.0,1,286,44.1,79,,29.96,30.0356,0,0,0,0,,,44.1,38.01,2025-03-14,2025-03-13T18:34:00.000Z,2025-03-14 04:04:00-07:00
1741949340000,0.4474,2.2369,0.0,0.0,1,286,44.8,76,,29.97,30.0455,0,0,0,0,,,44.8,37.7,2025-03-14,2025-03-13T18:34:00.000Z,2025-03-14 03:49:00-07:00
1741948440000,0.2237,2.0132,0.0,0.0,1,286,45.7,75,,29.98,30.0554,0,0,0,0,,,45.7,38.24,2025-03-14,2025-03-13T18:34:00.000Z,2025-03-14 03:34:00-07:00
1741947540000,1.3422,3.8028,0.0,0.0,1,286,46.9,72,4.26,29.98,30.0552,0,0,0,0,,,46.9,38.35,2025-03-14,2025-03-13T18:34:00.000Z,2025-03-14 03:19:00-07:00
1741946640000,3.5791,6.7108,0.0,0.0,1,282,46.6,73,,29.99,30.0653,0,0,0,0,,,45.29,38.42,2025-03-14,2025-03-13T18:34:00.000Z,2025-03-14 03:04:00-07:00
1741945740000,0.8948,3.1317,0.0,0.0,1,292,47.1,72,,30.0,30.0753,0,0,0,0,,,47.1,38.55,2025-03-14,2025-03-13T18:34:00.000Z,2025-03-14 02:49:00-07:00
1741944840000,2.0132,4.0265,0.0,0.0,1,292,48.0,72,,30.0,30.0751,0,0,0,0,,,48.0,39.41,2025-03-14,2025-03-13T18:34:00.000Z,2025-03-14 02:34:00-07:00
1741943940000,2.0132,7.8293,0.0,0.0,1,284,48.2,72,4.27,30.0,30.0751,0,0,0,0,,,48.2,39.6,2025-03-14,2025-03-13T18:34:00.000Z,2025-03-14 02:19:00-07:00
1741943040000,2.2369,5.3686,0.0,0.0,1,284,48.0,70,,30.0,30.0751,0,0,0,0,,,48.0,38.69,2025-03-14,2025-03-13T18:34:00.000Z,2025-03-14 02:04:00-07:00
1741942140000,2.0132,4.9213,0.0,0.0,1,288,47.7,69,,29.99,30.0651,0,0,0,0,,,47.7,38.04,2025-03-14,2025-03-13T18:34:00.000Z,2025-03-14 01:49:00-07:00
1741941240000,0.0,2.908,0.0,0.0,1,292,46.9,73,,30.0,30.0753,0,0,0,0,,,46.9,38.71,2025-03-14,2025-03-13T18:34:00.000Z,2025-03-14 01:34:00-07:00
1741940340000,0.4474,7.1582,0.0,0.0,1,291,48.4,72,4.28,30.0,30.0751,0,0,0,0,,,48.4,39.8,2025-03-14,2025-03-13T18:34:00.000Z,2025-03-14 01:19:00-07:00
1741939440000,4.2502,13.1979,0.0,0.0,1,284,48.6,70,,30.0,30.075,0,0,0,0,,,47.07,39.26,2025-03-14,2025-03-13T18:34:00.000Z,2025-03-14 01:04:00-07:00
1741938540000,3.3554,9.1714,0.0,0.0,1,289,48.9,68,,30.0,30.075,0,0,0,0,,,48.11,38.81,2025-03-14,2025-03-13T18:34:00.000Z,2025-03-14 00:49:00-07:00
1741937640000,4.2502,10.0662,0.0,0.0,1,286,48.9,68,,29.99,30.065,0,0,0,0,,,47.42,38.81,2025-03-14,2025-03-13T18:34:00.000Z,2025-03-14 00:34:00-07:00
1741936740000,2.908,6.9345,0.0,0.0,1,282,48.9,60,4.28,29.98,30.0549,0,0,0,0,,,48.9,35.63,2025-03-14,2025-03-13T18:34:00.000Z,2025-03-14 00:19:00-07:00
1741935840000,2.6843,9.1714,0.0,0.0,1,301,48.6,61,,29.98,30.055,0,0,0,0,,,48.6,35.77,2025-03-14,2025-03-13T18:34:00.000Z,2025-03-14 00:04:00-07:00
