dateutc,windspeedmph,windgustmph,hourlyrainin,dailyrainin,trustdevicetime,winddir,tempf,humidity,batt1volts,baromabsin,baromrelin,solarradiation,sis,sds,solarradday,feelsLike,dewPoint,lastRain,date,tz,historical,local_time
1740123900000,0.0,0.0,0,0,1,202,48.2,91,4.1,30.01,30.1089,0,0,6275,5647500,48.2,45.7,2025-02-14T20:35:00.000Z,2025-02-20,,,2025-02-20 23:45:00-08:00
1740123000000,0.0,0.0,0,0,1,202,48.2,90,,30.01,30.1089,0,0,6275,5647500,48.2,45.41,2025-02-14T20:35:00.000Z,2025-02-20,,,2025-02-20 23:30:00-08:00
1740122100000,0.2237,1.5659,0,0,1,202,48.6,91,,30.01,30.1089,0,0,6275,5647500,48.6,46.09,2025-02-14T20:35:00.000Z,2025-02-20,,,2025-02-20 23:15:00-08:00
1740121200000,0.0,0.0,0,0,1,202,48.9,90,,30.01,30.1088,0,0,6275,5647500,48.9,46.1,2025-02-14T20:35:00.000Z,2025-02-20,,,2025-02-20 23:00:00-08:00
1740120300000,0.0,0.0,0,0,1,202,49.3,89,4.1,30.01,30.1087,0,0,6275,5647500,49.3,46.2,2025-02-14T20:35:00.000Z,2025-02-20,,,2025-02-20 22:45:00-08:00
1740119400000,0.0,0.0,0,0,1,202,49.5,87,,30.01,30.1087,0,0,6275,5647500,49.5,45.79,2025-02-14T20:35:00.000Z,2025-02-20,,,2025-02-20 22:30:00-08:00
1740118500000,0.0,0.0,0,0,1,202,50.0,88,,30.01,30.1086,0,0,6275,5647500,50.0,46.59,2025-02-14T20:35:00.000Z,2025-02-20,,,2025-02-20 22:15:00-08:00
1740117600000,0.0,0.0,0,0,1,202,50.5,88,,30.0,30.0985,0,0,6275,5647500,50.5,47.08,2025-02-14T20:35:00.000Z,2025-02-20,,,2025-02-20 22:00:00-08:00
1740116700000,0.2237,2.2369,0,0,1,202,50.9,88,4.1,30.0,30.0984,0,0,6275,5647500,50.9,47.47,2025-02-14T20:35:00.000Z,2025-02-20,,,2025-02-20 21:45:00-08:00
1740115800000,0.0,0.0,0,0,1,202,51.4,87,,30.0,30.0983,0,0,6275,5647500,51.4,47.66,2025-02-14T20:35:00.000Z,2025-02-20,,,2025-02-20 21:30:00-08:00
1740114900000,0.2237,2.2369,0,0,1,202,51.8,88,,29.99,30.0882,0,0,6275,5647500,51.8,48.36,2025-02-14T20:35:00.000Z,2025-02-20,,,2025-02-20 21:15:00-08:00
1740114000000,0.2237,2.6843,0,0,1,202,52.5,90,,29.99,30.088,0,0,6275,5647500,52.5,49.65,2025-02-14T20:35:00.000Z,2025-02-20,,,2025-02-20 21:00:00-08:00
1740113100000,0.0,1.5659,0,0,1,202,53.1,89,4.1,29.99,30.0879,0,0,6275,5647500,53.1,49.94,2025-02-14T20:35:00.000Z,2025-02-20,,,2025-02-20 20:45:00-08:00
1740112200000,0.0,0.0,0,0,1,202,53.4,88,,29.99,30.0879,0,0,6275,5647500,53.4,49.94,2025-02-14T20:35:00.000Z,2025-02-20,,,2025-02-20 20:30:00-08:00
1740111300000,0.0,0.0,0,0,1,202,54.1,87,,29.99,30.0877,0,0,6275,5647500,54.1,50.32,2025-02-14T20:35:00.000Z,2025-02-20,,,2025-02-20 20:15:00-08:00
1740110400000,0.2237,1.5659,0,0,1,202,54.7,87,,29.99,30.0876,0,0,6275,5647500,54.7,50.91,2025-02-14T20:35:00.000Z,2025-02-20,,,2025-02-20 20:00:00-08:00
1740109500000,0.2237,1.7895,0,0,1,202,55.2,80,4.11,29.99,30.0875,0,0,6275,5647500,55.2,49.14,2025-02-14T20:35:00.000Z,2025-02-20,,,2025-02-20 19:45:00-08:00
1740108600000,0.0,1.5659,0,0,1,202,56.5,76,,29.99,30.0873,0,0,6275,5647500,56.5,49.03,2025-02-14T20:35:00.000Z,2025-02-20,,,2025-02-20 19:30:00-08:00
1740107700000,0.4474,3.5791,0,0,1,202,57.2,75,,29.98,30.0771,0,0,6275,5647500,57.2,49.35,2025-02-14T20:35:00.000Z,2025-02-20,,,2025-02-20 19:15:00-08:00
1740106800000,0.0,0.0,0,0,1,202,57.4,81,,29.98,30.0771,0,0,6275,5647500,57.4,51.62,2025-02-14T20:35:00.000Z,2025-02-20,,,2025-02-20 19:00:00-08:00
1740105900000,0.0,0.0,0,0,1,202,57.6,81,4.11,29.98,30.077,0,0,6275,5647500,57.6,51.81,2025-02-14T20:35:00.000Z,2025-02-20,,,2025-02-20 18:45:00-08:00
1740105000000,0.0,0.0,0,0,1,202,58.1,81,,29.97,30.0669,0,0,6275,5647500,58.1,52.3,2025-02-14T20:35:00.000Z,2025-02-20,,,2025-02-20 18:30:00-08:00
1740104100000,0.8948,3.1317,0,0,1,202,59.2,77,,29.97,30.0667,0,0,6275,5647500,59.2,51.99,2025-02-14T20:35:00.000Z,2025-02-20,,,2025-02-20 18:15:00-08:00
1740103200000,0.0,2.4606,0,0,1,202,61.2,73,,29.96,30.0563,0,0,6275,5647500,61.2,52.47,2025-02-14T20:35:00.000Z,2025-02-20,,,2025-02-20 18:00:00-08:00
1740102300000,0.0,2.4606,0,0,1,202,62.4,67,4.11,29.95,30.0461,1,420,6274,5647500,62.4,51.29,2025-02-14T20:35:00.000Z,2025-02-20,,,2025-02-20 17:45:00-08:00
1740101400000,0.8948,1.5659,0,0,1,202,63.1,69,,29.95,30.0459,5,2400,6269,5646600,63.1,52.76,2025-02-14T20:35:00.000Z,2025-02-20,,,2025-02-20 17:30:00-08:00
1740100500000,0.0,1.3422,0,0,1,202,63.5,69,,29.95,30.0458,8,3360,6261,5642100,63.5,53.14,2025-02-14T20:35:00.000Z,2025-02-20,,,2025-02-20 17:15:00-08:00
1740099600000,0.8948,2.2369,0,0,1,202,64.4,65,,29.95,30.0457,12,5760,6249,5634900,64.4,52.37,2025-02-14T20:35:00.000Z,2025-02-20,,,2025-02-20 17:00:00-08:00
1740098700000,0.4474,2.0132,0,0,1,202,65.3,61,4.12,29.95,30.0455,18,7560,6231,5624100,65.3,51.5,2025-02-14T20:35:00.000Z,2025-02-20,,,2025-02-20 16:45:00-08:00
1740097800000,0.6711,2.2369,0,0,1,202,66.4,58,,29.94,30.0353,23,11040,6208,5607900,66.4,51.17,2025-02-14T20:35:00.000Z,2025-02-20,,,2025-02-20 16:30:00-08:00
1740096900000,0.8948,2.4606,0,0,1,202,68.2,46,,29.94,30.035,23,9660,6185,5587200,66.88,46.62,2025-02-14T20:35:00.000Z,2025-02-20,,,2025-02-20 16:15:00-08:00
1740096000000,0.2237,2.2369,0,0,1,202,67.6,46,,29.94,30.0351,27,12960,6158,5566500,67.6,46.08,2025-02-14T20:35:00.000Z,2025-02-20,,,2025-02-20 16:00:00-08:00
1740095100000,0.0,1.3422,0,0,1,202,66.7,53,4.12,29.94,30.0352,54,22680,6104,5542200,66.7,49.02,2025-02-14T20:35:00.000Z,2025-02-20,,,2025-02-20 15:45:00-08:00
1740094200000,1.7895,2.6843,0,0,1,202,66.4,55,,29.95,30.0453,159,76320,5945,5493600,66.4,49.73,2025-02-14T20:35:00.000Z,2025-02-20,,,2025-02-20 15:30:00-08:00
1740093300000,1.7895,3.5791,0,0,1,202,67.5,42,,29.95,30.0451,309,129780,5636,5350500,67.5,43.59,2025-02-14T20:35:00.000Z,2025-02-20,,,2025-02-20 15:15:00-08:00
1740092400000,1.1185,2.908,0,0,1,202,66.9,41,,29.96,30.0553,128,61440,5508,5072400,66.9,42.43,2025-02-14T20:35:00.000Z,2025-02-20,,,2025-02-20 15:00:00-08:00
1740091500000,1.3422,3.1317,0,0,1,202,65.7,50,4.12,29.96,30.0555,44,18480,5464,4957200,65.7,46.55,2025-02-14T20:35:00.000Z,2025-02-20,,,2025-02-20 14:45:00-08:00
1740090600000,1.5659,2.6843,0,0,1,202,65.1,56,,29.96,30.0556,51,24480,5413,4917600,65.1,49.01,2025-02-14T20:35:00.000Z,2025-02-20,,,2025-02-20 14:30:00-08:00
1740089700000,1.5659,2.908,0,0,1,202,64.6,60,,29.96,30.0557,54,22680,5359,4871700,64.6,50.39,2025-02-14T20:35:00.000Z,2025-02-20,,,2025-02-20 14:15:00-08:00
1740088800000,1.7895,2.908,0,0,1,202,64.6,56,,29.96,30.0557,332,159360,5027,4823100,64.6,48.54,2025-02-14T20:35:00.000Z,2025-02-20,,,2025-02-20 14:00:00-08:00
1740087900000,2.0132,4.0265,0,0,1,202,66.2,48,4.12,29.97,30.0654,413,173460,3923,3902400,66.2,45.92,2025-02-14T20:35:00.000Z,2025-02-20,,,2025-02-20 13:45:00-08:00
1740087000000,1.7895,3.5791,0,0,1,202,66.6,47,,29.97,30.0653,691,331680,4336,4152600,66.6,45.73,,2025-02-20,America/Los_Angeles,True,2025-02-20 13:30:00-08:00
1740086100000,1.7895,3.5791,0,0,1,202,66.4,47,,29.98,30.0754,689,289380,1868,2301300,66.4,45.55,2025-02-14T20:35:00.000Z,2025-02-20,,,2025-02-20 13:15:00-08:00
1740085200000,2.0132,3.5791,0,0,1,202,65.7,48,,29.99,30.0856,715,343200,2557,2910600,65.7,45.47,,2025-02-20,America/Los_Angeles,True,2025-02-20 13:00:00-08:00
1740084300000,1.7895,3.3554,0,0,1,202,64.8,52,4.11,30.0,30.0958,651,273420,2557,2267100,64.8,46.76,,2025-02-20,America/Los_Angeles,True,2025-02-20 12:45:00-08:00
1740083400000,1.7895,3.8028,0,0,1,202,64.2,57,,30.01,30.1059,377,180960,1491,1681200,64.2,48.64,2025-02-14T20:35:00.000Z,2025-02-20,,,2025-02-20 12:30:00-08:00
1740082500000,0.8948,2.908,0,0,1,202,63.7,60,,30.02,30.116,97,40740,1394,1341900,63.7,49.55,2025-02-14T20:35:00.000Z,2025-02-20,,,2025-02-20 12:15:00-08:00
1740081600000,1.3422,3.1317,0,0,1,202,63.0,63,,30.03,30.1262,106,50880,1288,1254600,63.0,50.2,2025-02-14T20:35:00.000Z,2025-02-20,,,2025-02-20 12:00:00-08:00
1740080700000,0.8948,2.6843,0,0,1,202,63.0,56,4.12,30.03,30.1262,141,59220,1147,1159200,63.0,47.05,2025-02-14T20:35:00.000Z,2025-02-20,,,2025-02-20 11:45:00-08:00
1740079800000,0.4474,2.6843,0,0,1,202,60.4,73,,30.04,30.1367,283,135840,864,1032300,60.4,51.7,2025-02-14T20:35:00.000Z,2025-02-20,,,2025-02-20 11:30:00-08:00
1740078900000,1.1185,2.908,0,0,1,202,58.8,83,,30.04,30.137,169,70980,695,777600,58.8,53.65,2025-02-14T20:35:00.000Z,2025-02-20,,,2025-02-20 11:15:00-08:00
1740078000000,2.0132,4.2502,0,0,1,202,59.2,81,,30.04,30.1369,148,71040,547,625500,59.2,53.37,2025-02-14T20:35:00.000Z,2025-02-20,,,2025-02-20 11:00:00-08:00
1740077100000,2.2369,4.2502,0,0,1,196,59.9,77,4.11,30.04,30.1368,56,23520,491,492300,59.9,52.67,2025-02-14T20:35:00.000Z,2025-02-20,,,2025-02-20 10:45:00-08:00
1740076200000,0.4474,1.7895,0,0,1,30,58.8,79,,30.04,30.137,69,33120,422,441900,58.8,52.3,2025-02-14T20:35:00.000Z,2025-02-20,,,2025-02-20 10:30:00-08:00
1740075300000,0.8948,2.2369,0,0,1,30,58.1,83,,30.04,30.1371,56,23520,366,379800,58.1,52.96,2025-02-14T20:35:00.000Z,2025-02-20,,,2025-02-20 10:15:00-08:00
1740074400000,0.6711,1.7895,0,0,1,30,58.8,77,,30.04,30.137,67,32160,299,329400,58.8,51.6,2025-02-14T20:35:00.000Z,2025-02-20,,,2025-02-20 10:00:00-08:00
1740073500000,0.2237,2.0132,0,0,1,30,58.5,75,4.11,30.04,30.1371,76,31920,223,269100,58.5,50.6,2025-02-14T20:35:00.000Z,2025-02-20,,,2025-02-20 09:45:00-08:00
1740072600000,0.0,0.0,0,0,1,30,57.6,79,,30.04,30.1372,34,16320,189,200700,57.6,51.13,2025-02-14T20:35:00.000Z,2025-02-20,,,2025-02-20 09:30:00-08:00
1740071700000,0.0,1.1185,0,0,1,30,56.5,83,,30.04,30.1374,32,13440,157,170100,56.5,51.4,2025-02-14T20:35:00.000Z,2025-02-20,,,2025-02-20 09:15:00-08:00
1740070800000,0.0,0.8948,0,0,1,30,55.8,85,,30.04,30.1376,30,14400,127,141300,55.8,51.36,2025-02-14T20:35:00.000Z,2025-02-20,,,2025-02-20 09:00:00-08:00
1740069900000,0.2237,1.3422,0,0,1,30,54.3,87,4.11,30.04,30.1379,29,12180,98,114300,54.3,50.51,2025-02-14T20:35:00.000Z,2025-02-20,,,2025-02-20 08:45:00-08:00
1740069000000,0.0,1.3422,0,0,1,30,50.7,92,,30.03,30.1285,28,13440,70,88200,50.7,48.46,2025-02-14T20:35:00.000Z,2025-02-20,,,2025-02-20 08:30:00-08:00
1740068100000,0.0,0.0,0,0,1,30,48.4,92,,30.03,30.129,21,8820,49,63000,48.4,46.18,2025-02-14T20:35:00.000Z,2025-02-20,,,2025-02-20 08:15:00-08:00
1740067200000,0.0,1.7895,0,0,1,30,46.9,92,,30.03,30.1293,17,8160,2,17100,46.9,44.7,2025-02-14T20:35:00.000Z,2025-02-20,,,2025-02-20 08:00:00-08:00
1740066300000,0.6711,2.2369,0,0,1,30,45.5,94,4.09,30.02,30.1195,14,5880,19,28800,45.5,43.87,,2025-02-20,America/Los_Angeles,True,2025-02-20 07:45:00-08:00
1740065400000,0.6711,2.4606,0,0,1,30,45.0,94,,30.01,30.1096,10,4800,19,16200,45.0,43.38,,2025-02-20,America/Los_Angeles,True,2025-02-20 07:30:00-08:00
1740064500000,0.2237,2.6843,0,0,1,30,45.0,94,,30.01,30.1096,6,2520,19,7200,45.0,43.38,,2025-02-20,America/Los_Angeles,True,2025-02-20 07:15:00-08:00
1740063600000,1.1185,2.4606,0,0,1,30,44.8,95,,30.0,30.0996,2,960,0,1800,44.8,43.46,2025-02-14T20:35:00.000Z,2025-02-20,,,2025-02-20 07:00:00-08:00
1740062700000,0.2237,2.2369,0,0,1,30,44.4,94,4.1,30.0,30.0997,0,0,0,0,44.4,42.78,2025-02-14T20:35:00.000Z,2025-02-20,,,2025-02-20 06:45:00-08:00
1740061800000,0.2237,2.4606,0,0,1,30,44.6,94,,29.99,30.0896,0,0,0,0,44.6,42.98,2025-02-14T20:35:00.000Z,2025-02-20,,,2025-02-20 06:30:00-08:00
1740060900000,0.2237,1.5659,0,0,1,30,45.0,94,,29.99,30.0895,0,0,0,0,45.0,43.38,2025-02-14T20:35:00.000Z,2025-02-20,,,2025-02-20 06:15:00-08:00
1740060000000,0.6711,2.4606,0,0,1,30,45.1,94,,29.98,30.0794,0,0,0,0,45.1,43.48,2025-02-14T20:35:00.000Z,2025-02-20,,,2025-02-20 06:00:00-08:00
1740059100000,0.0,0.0,0,0,1,30,45.5,93,4.1,29.98,30.0794,0,0,0,0,45.5,43.6,2025-02-14T20:35:00.000Z,2025-02-20,,,2025-02-20 05:45:00-08:00
1740058200000,0.6711,2.0132,0,0,1,30,45.7,93,,29.98,30.0793,0,0,0,0,45.7,43.79,2025-02-14T20:35:00.000Z,2025-02-20,,,2025-02-20 05:30:00-08:00
1740057300000,0.2237,2.0132,0,0,1,30,45.7,94,,29.98,30.0793,0,0,0,0,45.7,44.07,2025-02-14T20:35:00.000Z,2025-02-20,,,2025-02-20 05:15:00-08:00
1740056400000,0.6711,2.4606,0,0,1,30,45.7,94,,29.97,30.0693,0,0,0,0,45.7,44.07,2025-02-14T20:35:00.000Z,2025-02-20,,,2025-02-20 05:00:00-08:00
1740055500000,0.2237,3.5791,0,0,1,30,45.5,94,4.11,29.97,30.0693,0,0,0,0,45.5,43.87,2025-02-14T20:35:00.000Z,2025-02-20,,,2025-02-20 04:45:00-08:00
1740054600000,0.4474,4.4739,0,0,1,30,45.3,93,,29.97,30.0694,0,0,0,0,45.3,43.4,2025-02-14T20:35:00.000Z,2025-02-20,,,2025-02-20 04:30:00-08:00
1740053700000,0.0,1.5659,0,0,1,30,45.5,93,,29.97,30.0693,0,0,0,0,45.5,43.6,2025-02-14T20:35:00.000Z,2025-02-20,,,2025-02-20 04:15:00-08:00
1740052800000,0.0,1.5659,0,0,1,30,45.5,93,,29.97,30.0693,0,0,0,0,45.5,43.6,2025-02-14T20:35:00.000Z,2025-02-20,,,2025-02-20 04:00:00-08:00
1740051900000,0.0,2.0132,0,0,1,30,45.9,93,4.1,29.97,30.0693,0,0,0,0,45.9,43.99,2025-02-14T20:35:00.000Z,2025-02-20,,,2025-02-20 03:45:00-08:00
1740051000000,0.2237,2.6843,0,0,1,30,46.0,93,,29.97,30.0692,0,0,0,0,46.0,44.09,2025-02-14T20:35:00.000Z,2025-02-20,,,2025-02-20 03:30:00-08:00
1740050100000,0.0,0.0,0,0,1,30,46.2,94,,29.98,30.0792,0,0,0,0,46.2,44.57,2025-02-14T20:35:00.000Z,2025-02-20,,,2025-02-20 03:15:00-08:00
1740049200000,0.2237,2.0132,0,0,1,30,46.4,92,,29.98,30.0792,0,0,0,0,46.4,44.2,2025-02-14T20:35:00.000Z,2025-02-20,,,2025-02-20 03:00:00-08:00
1740048300000,0.2237,1.3422,0,0,1,30,46.8,93,4.1,29.98,30.0791,0,0,0,0,46.8,44.88,2025-02-14T20:35:00.000Z,2025-02-20,,,2025-02-20 02:45:00-08:00
1740047400000,0.0,1.5659,0,0,1,30,46.9,91,,29.98,30.0791,0,0,0,0,46.9,44.41,2025-02-14T20:35:00.000Z,2025-02-20,,,2025-02-20 02:30:00-08:00
1740046500000,0.0,0.0,0,0,1,30,47.5,90,,29.99,30.089,0,0,0,0,47.5,44.71,2025-02-14T20:35:00.000Z,2025-02-20,,,2025-02-20 02:15:00-08:00
1740045600000,0.0,0.0,0,0,1,30,48.2,91,,29.99,30.0889,0,0,0,0,48.2,45.7,2025-02-14T20:35:00.000Z,2025-02-20,,,2025-02-20 02:00:00-08:00
1740044700000,0.2237,1.5659,0,0,1,30,48.7,91,4.11,29.99,30.0888,0,0,0,0,48.7,46.19,2025-02-14T20:35:00.000Z,2025-02-20,,,2025-02-20 01:45:00-08:00
1740043800000,0.2237,2.2369,0,0,1,30,49.3,89,,30.0,30.0987,0,0,0,0,49.3,46.2,2025-02-14T20:35:00.000Z,2025-02-20,,,2025-02-20 01:30:00-08:00
1740042900000,0.6711,1.7895,0,0,1,30,49.6,90,,30.0,30.0986,0,0,0,0,49.6,46.79,2025-02-14T20:35:00.000Z,2025-02-20,,,2025-02-20 01:15:00-08:00
1740042000000,0.4474,2.2369,0,0,1,30,49.8,90,,30.0,30.0986,0,0,0,0,49.8,46.99,2025-02-14T20:35:00.000Z,2025-02-20,,,2025-02-20 01:00:00-08:00
1740041100000,0.2237,2.4606,0,0,1,30,49.8,91,4.11,30.0,30.0986,0,0,0,0,49.8,47.28,2025-02-14T20:35:00.000Z,2025-02-20,,,2025-02-20 00:45:00-08:00
1740040200000,0.2237,2.4606,0,0,1,30,50.0,90,,30.0,30.0986,0,0,0,0,50.0,47.18,2025-02-14T20:35:00.000Z,2025-02-20,,,2025-02-20 00:30:00-08:00
1740039300000,0.0,2.2369,0,0,1,30,50.4,89,,30.0,30.0985,0,0,0,0,50.4,47.28,2025-02-14T20:35:00.000Z,2025-02-20,,,2025-02-20 00:15:00-08:00
1740038400000,0.4474,2.0132,0,0,1,30,50.9,89,,30.0,30.0984,0,0,0,5355900,50.9,47.77,2025-02-14T20:35:00.000Z,2025-02-20,,,2025-02-20 00:00:00-08:00
