dateutc,windspeedmph,windgustmph,hourlyrainin,dailyrainin,trustdevicetime,winddir,tempf,humidity,baromabsin,baromrelin,solarradiation,sis,sds,solarradday,feelsLike,dewPoint,lastRain,date,batt1volts,tz,historical,local_time
1746600600000,0.6711,3.1317,0,0,1,272,57.7,85,30.0,30.0737,0,0,15217,13695300,57.7,53.22,2025-04-26T15:20:00.000Z,2025-05-06,,,,2025-05-06 23:50:00-07:00
1746599700000,1.1185,2.4606,0,0,1,272,57.7,85,30.0,30.0737,0,0,15217,13695300,57.7,53.22,2025-04-26T15:20:00.000Z,2025-05-06,4.29,,,2025-05-06 23:35:00-07:00
1746598800000,0.6711,2.0132,0,0,1,272,57.7,84,30.0,30.0737,0,0,15217,13695300,57.7,52.9,2025-04-26T15:20:00.000Z,2025-05-06,,,,2025-05-06 23:20:00-07:00
1746597900000,0.0,0.0,0,0,1,272,57.7,84,30.0,30.0737,0,0,15217,13695300,57.7,52.9,2025-04-26T15:20:00.000Z,2025-05-06,,,,2025-05-06 23:05:00-07:00
1746597000000,1.1185,1.7895,0,0,1,272,57.9,84,30.0,30.0737,0,0,15217,13695300,57.9,53.09,2025-04-26T15:20:00.000Z,2025-05-06,,,,2025-05-06 22:50:00-07:00
1746596100000,0.2237,1.5659,0,0,1,272,57.9,84,30.0,30.0737,0,0,15217,13695300,57.9,53.09,2025-04-26T15:20:00.000Z,2025-05-06,4.3,,,2025-05-06 22:35:00-07:00
1746595200000,0.0,0.0,0,0,1,272,57.9,84,30.0,30.0737,0,0,15217,13695300,57.9,53.09,2025-04-26T15:20:00.000Z,2025-05-06,,,,2025-05-06 22:20:00-07:00
1746594300000,0.4474,2.2369,0,0,1,272,57.9,84,30.0,30.0737,0,0,15217,13695300,57.9,53.09,2025-04-26T15:20:00.000Z,2025-05-06,,,,2025-05-06 22:05:00-07:00
1746593400000,0.6711,2.2369,0,0,1,272,57.9,84,29.99,30.0637,0,0,15217,13695300,57.9,53.09,2025-04-26T15:20:00.000Z,2025-05-06,,,,2025-05-06 21:50:00-07:00
1746592500000,0.4474,2.4606,0,0,1,272,57.9,84,29.99,30.0637,0,0,15217,13695300,57.9,53.09,2025-04-26T15:20:00.000Z,2025-05-06,4.3,,,2025-05-06 21:35:00-07:00
1746591600000,0.0,2.0132,0,0,1,272,57.9,84,29.99,30.0637,0,0,15217,13695300,57.9,53.09,2025-04-26T15:20:00.000Z,2025-05-06,,,,2025-05-06 21:20:00-07:00
1746590700000,1.3422,3.5791,0,0,1,272,57.7,84,29.98,30.0537,0,0,15217,13695300,57.7,52.9,2025-04-26T15:20:00.000Z,2025-05-06,,,,2025-05-06 21:05:00-07:00
1746589800000,1.5659,3.3554,0,0,1,272,57.7,84,29.98,30.0537,0,0,15217,13695300,57.7,52.9,2025-04-26T15:20:00.000Z,2025-05-06,,,,2025-05-06 20:50:00-07:00
1746588900000,1.7895,3.8028,0,0,1,272,57.9,84,29.98,30.0536,0,0,15217,13695300,57.9,53.09,2025-04-26T15:20:00.000Z,2025-05-06,4.31,,,2025-05-06 20:35:00-07:00
1746588000000,2.4606,4.6976,0,0,1,272,57.9,83,29.98,30.0536,0,0,15217,13695300,57.9,52.77,2025-04-26T15:20:00.000Z,2025-05-06,,,,2025-05-06 20:20:00-07:00
1746587100000,2.6843,5.145,0,0,1,272,57.9,83,29.97,30.0436,0,0,15217,13695300,57.9,52.77,2025-04-26T15:20:00.000Z,2025-05-06,,,,2025-05-06 20:05:00-07:00
1746586200000,2.2369,3.8028,0,0,1,272,58.3,83,29.96,30.0335,1,900,15216,13695300,58.3,53.16,2025-04-26T15:20:00.000Z,2025-05-06,,,,2025-05-06 19:50:00-07:00
1746585300000,2.0132,3.5791,0,0,1,272,58.5,82,29.96,30.0335,8,7200,15208,13694400,58.5,53.02,2025-04-26T15:20:00.000Z,2025-05-06,4.31,,,2025-05-06 19:35:00-07:00
1746584400000,2.4606,4.4739,0,0,1,272,58.6,81,29.95,30.0235,27,24300,15181,13687200,58.6,52.79,2025-04-26T15:20:00.000Z,2025-05-06,,,,2025-05-06 19:20:00-07:00
1746583500000,2.6843,5.3686,0,0,1,272,59.0,81,29.95,30.0234,56,50400,15125,13662900,59.0,53.18,2025-04-26T15:20:00.000Z,2025-05-06,,,,2025-05-06 19:05:00-07:00
1746582600000,2.908,5.5923,0,0,1,259,59.2,80,29.95,30.0234,62,55800,15063,13612500,59.2,53.03,2025-04-26T15:20:00.000Z,2025-05-06,,,,2025-05-06 18:50:00-07:00
1746581700000,3.1317,6.7108,0,0,1,274,59.4,80,29.95,30.0234,96,86400,14967,13556700,59.4,53.23,2025-04-26T15:20:00.000Z,2025-05-06,4.34,,,2025-05-06 18:35:00-07:00
1746580800000,3.8028,7.1582,0,0,1,274,59.4,80,29.95,30.0234,121,108900,14846,13470300,59.4,53.23,2025-04-26T15:20:00.000Z,2025-05-06,,,,2025-05-06 18:20:00-07:00
1746579900000,3.8028,8.7241,0,0,1,271,59.5,80,29.94,30.0133,166,149400,14680,13361400,59.5,53.32,2025-04-26T15:20:00.000Z,2025-05-06,,,,2025-05-06 18:05:00-07:00
1746579000000,4.2502,8.9477,0,0,1,278,59.7,80,29.94,30.0133,205,184500,14475,13212000,59.7,53.52,2025-04-26T15:20:00.000Z,2025-05-06,,,,2025-05-06 17:50:00-07:00
1746578100000,4.4739,7.6056,0,0,1,278,59.5,80,29.94,30.0133,205,184500,14270,13027500,59.5,53.32,2025-04-26T15:20:00.000Z,2025-05-06,4.38,,,2025-05-06 17:35:00-07:00
1746577200000,4.4739,9.3951,0,0,1,284,59.5,81,29.94,30.0133,238,214200,14032,12843000,59.5,53.66,2025-04-26T15:20:00.000Z,2025-05-06,,,,2025-05-06 17:20:00-07:00
1746576300000,4.6976,9.8425,0,0,1,274,59.7,81,29.94,30.0133,217,195300,13554,12393900,59.7,53.86,2025-04-26T15:20:00.000Z,2025-05-06,,,,2025-05-06 17:05:00-07:00
1746575400000,5.145,9.6188,0,0,1,267,60.1,80,29.93,30.0032,261,234900,13771,12433500,60.1,53.91,,2025-05-06,,America/Los_Angeles,True,2025-05-06 16:50:00-07:00
1746574500000,5.145,10.2899,0,0,1,263,60.3,80,29.93,30.0032,319,287100,13235,12198600,60.3,54.1,2025-04-26T15:20:00.000Z,2025-05-06,,,,2025-05-06 16:35:00-07:00
1746573600000,5.3686,10.0662,0,0,1,258,60.4,81,29.93,30.0032,297,267300,12938,11911500,60.4,54.54,2025-04-26T15:20:00.000Z,2025-05-06,,,,2025-05-06 16:20:00-07:00
1746572700000,6.0397,12.9742,0,0,1,251,61.0,79,29.94,30.0131,303,272700,12635,11644200,61.0,54.44,2025-04-26T15:20:00.000Z,2025-05-06,,,,2025-05-06 16:05:00-07:00
1746571800000,6.0397,12.9742,0,0,1,252,62.2,79,29.93,30.0029,446,401400,12189,11371500,62.2,55.6,2025-04-26T15:20:00.000Z,2025-05-06,4.39,,,2025-05-06 15:50:00-07:00
1746570900000,7.3819,12.5268,0,0,1,244,62.2,78,29.93,30.0029,487,438300,11702,10970100,62.2,55.25,2025-04-26T15:20:00.000Z,2025-05-06,,,,2025-05-06 15:35:00-07:00
1746570000000,6.0397,11.1847,0,0,1,251,63.7,75,29.93,30.0027,593,533700,11109,10531800,63.7,55.62,2025-04-26T15:20:00.000Z,2025-05-06,,,,2025-05-06 15:20:00-07:00
1746569100000,6.9345,12.5268,0,0,1,244,63.5,75,29.93,30.0027,659,593100,10450,9998100,63.5,55.43,2025-04-26T15:20:00.000Z,2025-05-06,,,,2025-05-06 15:05:00-07:00
1746568200000,6.4871,10.7373,0,0,1,242,63.7,75,29.93,30.0027,745,670500,9705,9405000,63.7,55.62,2025-04-26T15:20:00.000Z,2025-05-06,4.39,,,2025-05-06 14:50:00-07:00
1746567300000,6.2634,11.1847,0,0,1,247,63.5,76,29.93,30.0027,709,638100,8996,8734500,63.5,55.79,2025-04-26T15:20:00.000Z,2025-05-06,,,,2025-05-06 14:35:00-07:00
1746566400000,6.4871,10.5136,0,0,1,244,63.0,77,29.94,30.0128,657,591300,8339,8096400,63.0,55.67,2025-04-26T15:20:00.000Z,2025-05-06,,,,2025-05-06 14:20:00-07:00
1746565500000,4.9213,9.1714,0,0,1,258,62.1,78,29.95,30.023,512,460800,7827,7505100,62.1,55.15,2025-04-26T15:20:00.000Z,2025-05-06,,,,2025-05-06 14:05:00-07:00
1746564600000,3.5791,7.6056,0,0,1,264,61.7,78,29.95,30.023,393,353700,7434,7044300,61.7,54.77,2025-04-26T15:20:00.000Z,2025-05-06,4.4,,,2025-05-06 13:50:00-07:00
1746563700000,4.2502,8.7241,0,0,1,261,61.7,79,29.95,30.023,364,327600,7070,6690600,61.7,55.12,2025-04-26T15:20:00.000Z,2025-05-06,,,,2025-05-06 13:35:00-07:00
1746562800000,4.4739,9.1714,0,0,1,255,61.3,78,29.95,30.0231,372,334800,6698,6363000,61.3,54.38,2025-04-26T15:20:00.000Z,2025-05-06,,,,2025-05-06 13:20:00-07:00
1746561900000,5.145,8.7241,0,0,1,235,61.3,78,29.95,30.0231,396,356400,6302,6028200,61.3,54.38,2025-04-26T15:20:00.000Z,2025-05-06,,,,2025-05-06 13:05:00-07:00
1746561000000,4.6976,8.053,0,0,1,243,61.3,78,29.95,30.0231,426,383400,5876,5671800,61.3,54.38,2025-04-26T15:20:00.000Z,2025-05-06,4.43,,,2025-05-06 12:50:00-07:00
1746560100000,5.145,8.2767,0,0,1,236,61.3,79,29.96,30.0331,405,364500,5471,5288400,61.3,54.73,2025-04-26T15:20:00.000Z,2025-05-06,,,,2025-05-06 12:35:00-07:00
1746559200000,5.145,8.053,0,0,1,235,61.3,79,29.96,30.0331,402,361800,5069,4923900,61.3,54.73,2025-04-26T15:20:00.000Z,2025-05-06,,,,2025-05-06 12:20:00-07:00
1746558300000,4.9213,7.8293,0,0,1,229,61.5,79,29.96,30.0331,417,375300,4652,4562100,61.5,54.92,2025-04-26T15:20:00.000Z,2025-05-06,,,,2025-05-06 12:05:00-07:00
1746557400000,4.0265,7.3819,0,0,1,223,62.1,78,29.96,30.033,478,430200,4174,4186800,62.1,55.15,2025-04-26T15:20:00.000Z,2025-05-06,4.53,,,2025-05-06 11:50:00-07:00
1746556500000,4.2502,6.7108,0,0,1,207,62.1,78,29.96,30.033,534,480600,3640,3756600,62.1,55.15,2025-04-26T15:20:00.000Z,2025-05-06,,,,2025-05-06 11:35:00-07:00
1746555600000,4.4739,7.1582,0,0,1,207,61.5,76,29.95,30.0231,449,404100,3191,3276000,61.5,53.86,2025-04-26T15:20:00.000Z,2025-05-06,,,,2025-05-06 11:20:00-07:00
1746554700000,4.0265,6.2634,0,0,1,207,61.5,76,29.96,30.0331,424,381600,2767,2871900,61.5,53.86,2025-04-26T15:20:00.000Z,2025-05-06,,,,2025-05-06 11:05:00-07:00
1746553800000,2.6843,5.5923,0,0,1,194,61.9,76,29.95,30.023,372,334800,2395,2490300,61.9,54.25,2025-04-26T15:20:00.000Z,2025-05-06,4.47,,,2025-05-06 10:50:00-07:00
1746552900000,3.3554,5.5923,0,0,1,193,61.5,77,29.95,30.0231,343,308700,2052,2155500,61.5,54.22,2025-04-26T15:20:00.000Z,2025-05-06,,,,2025-05-06 10:35:00-07:00
1746552000000,0.8948,5.145,0,0,1,249,61.9,76,29.95,30.023,349,314100,1365,1542600,61.9,54.25,2025-04-26T15:20:00.000Z,2025-05-06,,,,2025-05-06 10:20:00-07:00
1746551100000,0.8948,3.3554,0,0,1,258,60.6,79,29.94,30.0132,338,304200,1714,1532700,60.6,54.05,,2025-05-06,,America/Los_Angeles,True,2025-05-06 10:05:00-07:00
1746550200000,0.6711,3.5791,0,0,1,258,59.7,82,29.94,30.0133,248,223200,1117,1228500,59.7,54.19,2025-04-26T15:20:00.000Z,2025-05-06,4.4,,,2025-05-06 09:50:00-07:00
1746549300000,1.5659,4.2502,0,0,1,258,59.7,83,29.93,30.0033,207,186300,910,1005300,59.7,54.53,2025-04-26T15:20:00.000Z,2025-05-06,,,,2025-05-06 09:35:00-07:00
1746548400000,2.6843,5.3686,0,0,1,262,59.5,84,29.94,30.0133,235,211500,675,819000,59.5,54.66,2025-04-26T15:20:00.000Z,2025-05-06,,,,2025-05-06 09:20:00-07:00
1746547500000,2.0132,4.9213,0,0,1,263,58.6,85,29.93,30.0034,165,148500,510,607500,58.6,54.1,2025-04-26T15:20:00.000Z,2025-05-06,,,,2025-05-06 09:05:00-07:00
1746546600000,2.0132,4.2502,0,0,1,263,58.3,86,29.93,30.0035,114,102600,396,459000,58.3,54.13,2025-04-26T15:20:00.000Z,2025-05-06,4.25,,,2025-05-06 08:50:00-07:00
1746545700000,2.2369,4.6976,0,0,1,263,58.1,86,29.93,30.0035,92,82800,304,356400,58.1,53.93,2025-04-26T15:20:00.000Z,2025-05-06,,,,2025-05-06 08:35:00-07:00
1746544800000,2.0132,4.4739,0,0,1,263,57.9,86,29.93,30.0035,65,58500,239,273600,57.9,53.74,2025-04-26T15:20:00.000Z,2025-05-06,,,,2025-05-06 08:20:00-07:00
1746543900000,0.2237,2.4606,0,0,1,263,58.3,84,29.93,30.0035,58,52200,181,215100,58.3,53.48,2025-04-26T15:20:00.000Z,2025-05-06,,,,2025-05-06 08:05:00-07:00
1746543000000,0.2237,1.5659,0,0,1,263,58.1,84,29.93,30.0035,57,51300,124,162900,58.1,53.29,2025-04-26T15:20:00.000Z,2025-05-06,4.25,,,2025-05-06 07:50:00-07:00
1746542100000,0.2237,1.5659,0,0,1,263,57.9,84,29.92,29.9935,50,45000,74,111600,57.9,53.09,2025-04-26T15:20:00.000Z,2025-05-06,,,,2025-05-06 07:35:00-07:00
1746541200000,0.0,0.0,0,0,1,263,57.6,85,29.92,29.9935,32,28800,42,66600,57.6,53.12,2025-04-26T15:20:00.000Z,2025-05-06,,,,2025-05-06 07:20:00-07:00
1746540300000,0.0,0.0,0,0,1,263,57.4,86,29.91,29.9835,21,18900,21,37800,57.4,53.25,2025-04-26T15:20:00.000Z,2025-05-06,,,,2025-05-06 07:05:00-07:00
1746539400000,0.0,0.0,0,0,1,263,57.0,86,29.9,29.9736,14,12600,7,18900,57.0,52.85,2025-04-26T15:20:00.000Z,2025-05-06,4.25,,,2025-05-06 06:50:00-07:00
1746538500000,0.0,1.1185,0,0,1,263,56.8,87,29.9,29.9736,6,5400,1,6300,56.8,52.97,2025-04-26T15:20:00.000Z,2025-05-06,,,,2025-05-06 06:35:00-07:00
1746537600000,0.0,0.0,0,0,1,263,56.7,88,29.9,29.9736,1,900,0,900,56.7,53.18,2025-04-26T15:20:00.000Z,2025-05-06,,,,2025-05-06 06:20:00-07:00
1746536700000,0.0,0.0,0,0,1,263,56.5,89,29.9,29.9736,0,0,0,0,56.5,53.3,2025-04-26T15:20:00.000Z,2025-05-06,,,,2025-05-06 06:05:00-07:00
1746535800000,0.0,0.0,0,0,1,263,56.5,89,29.9,29.9736,0,0,0,0,56.5,53.3,2025-04-26T15:20:00.000Z,2025-05-06,4.26,,,2025-05-06 05:50:00-07:00
1746534900000,0.0,0.0,0,0,1,263,56.5,89,29.9,29.9736,0,0,0,0,56.5,53.3,2025-04-26T15:20:00.000Z,2025-05-06,,,,2025-05-06 05:35:00-07:00
1746534000000,0.0,0.0,0,0,1,263,56.5,89,29.89,29.9636,0,0,0,0,56.5,53.3,2025-04-26T15:20:00.000Z,2025-05-06,,,,2025-05-06 05:20:00-07:00
1746533100000,0.0,2.4606,0,0,1,263,56.7,89,29.89,29.9636,0,0,0,0,56.7,53.49,2025-04-26T15:20:00.000Z,2025-05-06,,,,2025-05-06 05:05:00-07:00
1746532200000,0.4474,2.6843,0,0,1,263,56.7,89,29.89,29.9636,0,0,0,0,56.7,53.49,2025-04-26T15:20:00.000Z,2025-05-06,4.26,,,2025-05-06 04:50:00-07:00
1746531300000,0.0,1.3422,0,0,1,263,56.7,89,29.89,29.9636,0,0,0,0,56.7,53.49,2025-04-26T15:20:00.000Z,2025-05-06,,,,2025-05-06 04:35:00-07:00
1746530400000,0.0,0.0,0,0,1,263,56.5,89,29.89,29.9636,0,0,0,0,56.5,53.3,2025-04-26T15:20:00.000Z,2025-05-06,,,,2025-05-06 04:20:00-07:00
1746529500000,0.0,0.0,0,0,1,263,56.3,88,29.88,29.9536,0,0,0,0,56.3,52.79,2025-04-26T15:20:00.000Z,2025-05-06,,,,2025-05-06 04:05:00-07:00
1746528600000,0.0,0.0,0,0,1,263,56.3,88,29.88,29.9536,0,0,0,0,56.3,52.79,2025-04-26T15:20:00.000Z,2025-05-06,4.27,,,2025-05-06 03:50:00-07:00
1746527700000,0.0,0.0,0,0,1,263,56.1,88,29.88,29.9536,0,0,0,0,56.1,52.59,2025-04-26T15:20:00.000Z,2025-05-06,,,,2025-05-06 03:35:00-07:00
1746526800000,0.0,0.0,0,0,1,263,56.1,88,29.89,29.9637,0,0,0,0,56.1,52.59,2025-04-26T15:20:00.000Z,2025-05-06,,,,2025-05-06 03:20:00-07:00
1746525900000,0.0,0.0,0,0,1,263,55.9,89,29.88,29.9537,0,0,0,0,55.9,52.7,2025-04-26T15:20:00.000Z,2025-05-06,,,,2025-05-06 03:05:00-07:00
1746525000000,0.0,1.3422,0,0,1,263,55.9,89,29.89,29.9637,0,0,0,0,55.9,52.7,2025-04-26T15:20:00.000Z,2025-05-06,4.28,,,2025-05-06 02:50:00-07:00
1746524100000,0.0,0.0,0,0,1,263,55.9,89,29.88,29.9537,0,0,0,0,55.9,52.7,2025-04-26T15:20:00.000Z,2025-05-06,,,,2025-05-06 02:35:00-07:00
1746523200000,0.4474,2.908,0,0,1,263,55.8,89,29.89,29.9637,0,0,0,0,55.8,52.61,2025-04-26T15:20:00.000Z,2025-05-06,,,,2025-05-06 02:20:00-07:00
1746522300000,0.0,1.7895,0,0,1,263,55.6,90,29.89,29.9637,0,0,0,0,55.6,52.71,2025-04-26T15:20:00.000Z,2025-05-06,,,,2025-05-06 02:05:00-07:00
1746521400000,0.0,1.3422,0,0,1,263,55.6,90,29.89,29.9637,0,0,0,0,55.6,52.71,2025-04-26T15:20:00.000Z,2025-05-06,4.28,,,2025-05-06 01:50:00-07:00
1746520500000,0.0,0.0,0,0,1,263,55.6,90,29.89,29.9637,0,0,0,0,55.6,52.71,2025-04-26T15:20:00.000Z,2025-05-06,,,,2025-05-06 01:35:00-07:00
1746519600000,0.4474,1.7895,0,0,1,263,55.4,90,29.89,29.9638,0,0,0,0,55.4,52.51,2025-04-26T15:20:00.000Z,2025-05-06,,,,2025-05-06 01:20:00-07:00
1746518700000,1.1185,2.6843,0,0,1,263,55.2,90,29.89,29.9638,0,0,0,0,55.2,52.32,2025-04-26T15:20:00.000Z,2025-05-06,,,,2025-05-06 01:05:00-07:00
1746517800000,1.7895,3.8028,0,0,1,263,55.2,90,29.9,29.9738,0,0,0,0,55.2,52.32,2025-04-26T15:20:00.000Z,2025-05-06,4.29,,,2025-05-06 00:50:00-07:00
1746516900000,1.7895,3.3554,0,0,1,263,55.2,90,29.9,29.9738,0,0,0,0,55.2,52.32,2025-04-26T15:20:00.000Z,2025-05-06,,,,2025-05-06 00:35:00-07:00
1746516000000,2.4606,4.2502,0,0,1,263,55.0,91,29.9,29.9739,0,0,0,0,55.0,52.42,2025-04-26T15:20:00.000Z,2025-05-06,,,,2025-05-06 00:20:00-07:00
1746515100000,2.2369,4.9213,0,0,1,263,54.7,90,29.9,29.9739,0,0,0,0,54.7,51.82,2025-04-26T15:20:00.000Z,2025-05-06,,,,2025-05-06 00:05:00-07:00
