dateutc,windspeedmph,windgustmph,hourlyrainin,dailyrainin,trustdevicetime,winddir,tempf,humidity,baromabsin,baromrelin,solarradiation,sis,sds,solarradday,feelsLike,dewPoint,date,batt1volts,tz,historical,local_time
1744353960000,0.0,1.3422,0,0,1,202,56.1,92,30.06,30.1576,0,0,7499,6749100,56.1,53.81,2025-04-10,,,,2025-04-10 23:46:00-07:00
1744353060000,0.0,0.0,0,0,1,202,56.1,92,30.07,30.1676,0,0,7499,6749100,56.1,53.81,2025-04-10,4.26,,,2025-04-10 23:31:00-07:00
1744352160000,0.0,0.0,0,0,1,202,56.3,92,30.06,30.1575,0,0,7499,6749100,56.3,54.0,2025-04-10,,,,2025-04-10 23:16:00-07:00
1744351260000,0.0,0.0,0,0,1,202,56.5,92,30.06,30.1575,0,0,7499,6749100,56.5,54.2,2025-04-10,,,,2025-04-10 23:01:00-07:00
1744350360000,0.0,0.0,0,0,1,202,56.5,91,30.06,30.1575,0,0,7499,6749100,56.5,53.9,2025-04-10,,,,2025-04-10 22:46:00-07:00
1744349460000,0.0,0.0,0,0,1,202,56.3,91,30.07,30.1676,0,0,7499,6749100,56.3,53.71,2025-04-10,4.28,,,2025-04-10 22:31:00-07:00
1744348560000,0.0,0.0,0,0,1,202,56.3,91,30.07,30.1676,0,0,7499,6749100,56.3,53.71,2025-04-10,,,,2025-04-10 22:16:00-07:00
1744347660000,0.0,0.0,0,0,1,202,56.3,91,30.07,30.1676,0,0,7499,6749100,56.3,53.71,2025-04-10,,,,2025-04-10 22:01:00-07:00
1744346760000,0.0,1.3422,0,0,1,202,56.3,90,30.07,30.1676,0,0,7499,6749100,56.3,53.4,2025-04-10,,,,2025-04-10 21:46:00-07:00
1744345860000,0.0,0.0,0,0,1,202,56.5,89,30.07,30.1675,0,0,7499,6749100,56.5,53.3,2025-04-10,4.28,,,2025-04-10 21:31:00-07:00
1744344960000,0.4474,2.4606,0,0,1,202,57.0,88,30.06,30.1574,0,0,7499,6749100,57.0,53.48,2025-04-10,,,,2025-04-10 21:16:00-07:00
1744344060000,0.0,0.0,0,0,1,202,57.4,87,30.06,30.1573,0,0,7499,6749100,57.4,53.56,2025-04-10,,,,2025-04-10 21:01:00-07:00
1744343160000,0.0,1.5659,0,0,1,202,57.7,87,30.06,30.1573,0,0,7499,6749100,57.7,53.86,2025-04-10,,,,2025-04-10 20:46:00-07:00
1744342260000,0.0,1.3422,0,0,1,202,57.7,88,30.05,30.1472,0,0,7499,6749100,57.7,54.17,2025-04-10,4.28,,,2025-04-10 20:31:00-07:00
1744341360000,0.0,1.1185,0,0,1,202,57.6,89,30.05,30.1473,0,0,7499,6749100,57.6,54.38,2025-04-10,,,,2025-04-10 20:16:00-07:00
1744340460000,0.0,1.5659,0,0,1,202,57.7,89,30.05,30.1472,0,0,7499,6749100,57.7,54.48,2025-04-10,,,,2025-04-10 20:01:00-07:00
1744339560000,0.0,0.0,0,0,1,202,57.9,88,30.06,30.1572,0,0,7499,6749100,57.9,54.37,2025-04-10,,,,2025-04-10 19:46:00-07:00
1744338660000,0.0,0.0,0,0,1,202,58.3,88,30.06,30.1572,1,480,7498,6749100,58.3,54.76,2025-04-10,4.29,,,2025-04-10 19:31:00-07:00
1744337760000,0.4474,2.6843,0,0,1,202,58.8,88,30.06,30.1571,4,1680,7494,6748200,58.8,55.25,2025-04-10,,,,2025-04-10 19:16:00-07:00
1744336860000,2.2369,4.2502,0,0,1,202,60.8,83,30.06,30.1567,8,3840,7486,6744600,60.8,55.6,2025-04-10,,,,2025-04-10 19:01:00-07:00
1744335960000,1.3422,3.8028,0,0,1,202,63.1,78,30.05,30.1462,8,3360,7478,6737400,63.1,56.12,2025-04-10,,,,2025-04-10 18:46:00-07:00
1744335060000,0.0,0.0,0,0,1,202,64.2,72,30.06,30.1561,9,4320,7469,6730200,64.2,54.98,2025-04-10,4.29,,,2025-04-10 18:31:00-07:00
1744334160000,0.0,0.0,0,0,1,202,63.5,74,30.07,30.1662,18,7560,7451,6722100,63.5,55.06,2025-04-10,,,,2025-04-10 18:16:00-07:00
1744333260000,0.0,1.7895,0,0,1,202,62.6,77,30.08,30.1764,22,10560,7429,6705900,62.6,55.28,2025-04-10,,,,2025-04-10 18:01:00-07:00
1744332360000,1.3422,2.908,0,0,1,202,61.7,82,30.08,30.1766,38,15960,7391,6686100,61.7,56.15,2025-04-10,,,,2025-04-10 17:46:00-07:00
1744331460000,1.7895,3.8028,0,0,1,202,61.9,82,30.08,30.1766,107,51360,7284,6651900,61.9,56.34,2025-04-10,4.3,,,2025-04-10 17:31:00-07:00
1744330560000,2.2369,3.1317,0,0,1,202,62.2,80,30.09,30.1865,37,15540,7247,6555600,62.2,55.95,2025-04-10,,,,2025-04-10 17:16:00-07:00
1744329660000,2.0132,2.908,0,0,1,202,62.1,81,30.09,30.1866,40,19200,7207,6522300,62.1,56.2,2025-04-10,,,,2025-04-10 17:01:00-07:00
1744328760000,2.4606,3.1317,0,0,1,202,62.6,79,30.09,30.1865,52,21840,6731,6104700,62.6,55.99,2025-04-10,,,,2025-04-10 16:46:00-07:00
1744327860000,2.2369,3.8028,0,0,1,202,63.5,78,30.1,30.1963,62,29760,6871,6439500,63.5,56.51,2025-04-10,4.32,America/Los_Angeles,True,2025-04-10 16:31:00-07:00
1744326960000,2.2369,3.5791,0,0,1,202,63.1,80,30.1,30.1964,73,30660,6783,6383700,63.1,56.83,2025-04-10,,America/Los_Angeles,True,2025-04-10 16:16:00-07:00
1744326060000,2.0132,3.1317,0,0,1,202,62.8,81,30.1,30.1965,88,42240,6783,6318000,62.8,56.88,2025-04-10,,America/Los_Angeles,True,2025-04-10 16:01:00-07:00
1744325160000,2.0132,3.5791,0,0,1,202,61.9,82,30.11,30.2067,143,60060,6588,6057900,61.9,56.34,2025-04-10,4.39,,,2025-04-10 15:46:00-07:00
1744324260000,1.5659,3.8028,0,0,1,202,61.0,85,30.11,30.2068,201,96480,6783,6110100,61.0,56.45,2025-04-10,,America/Los_Angeles,True,2025-04-10 15:31:00-07:00
1744323360000,2.4606,4.0265,0,0,1,202,61.3,84,30.11,30.2068,311,130620,6277,5929200,61.3,56.42,2025-04-10,,,,2025-04-10 15:16:00-07:00
1744322460000,2.2369,3.5791,0,0,1,202,61.0,84,30.12,30.2169,417,200160,5860,5649300,61.0,56.13,2025-04-10,4.34,,,2025-04-10 15:01:00-07:00
1744321560000,2.0132,3.8028,0,0,1,202,62.2,82,30.13,30.2267,133,55860,5727,5274000,62.2,56.63,2025-04-10,,,,2025-04-10 14:46:00-07:00
1744320660000,2.2369,3.3554,0,0,1,202,62.6,82,30.14,30.2366,161,77280,5566,5154300,62.6,57.02,2025-04-10,,,,2025-04-10 14:31:00-07:00
1744319760000,2.0132,3.8028,0,0,1,202,61.3,84,30.14,30.2369,152,63840,5414,5009400,61.3,56.42,2025-04-10,,,,2025-04-10 14:16:00-07:00
1744318860000,2.2369,4.0265,0,0,1,202,61.2,85,30.15,30.2469,146,70080,5268,4872600,61.2,56.65,2025-04-10,4.35,,,2025-04-10 14:01:00-07:00
1744317960000,2.0132,3.1317,0,0,1,202,60.8,85,30.15,30.247,137,57540,5131,4741200,60.8,56.26,2025-04-10,,,,2025-04-10 13:46:00-07:00
1744317060000,1.7895,2.908,0,0,1,202,61.2,83,30.15,30.2469,148,71040,4983,4617900,61.2,55.99,2025-04-10,,,,2025-04-10 13:31:00-07:00
1744316160000,2.2369,3.1317,0,0,1,202,62.6,81,30.15,30.2467,138,57960,4845,4484700,62.6,56.68,2025-04-10,,,,2025-04-10 13:16:00-07:00
1744315260000,1.7895,3.3554,0,0,1,202,61.5,83,30.16,30.2569,260,124800,4585,4360500,61.5,56.29,2025-04-10,4.44,,,2025-04-10 13:01:00-07:00
1744314360000,1.7895,3.5791,0,0,1,202,60.6,84,30.16,30.2571,218,91560,4367,4126500,60.6,55.74,2025-04-10,,,,2025-04-10 12:46:00-07:00
1744313460000,1.7895,3.5791,0,0,1,202,60.1,85,30.16,30.2572,325,156000,4042,3930300,60.1,55.57,2025-04-10,,,,2025-04-10 12:31:00-07:00
1744312560000,2.2369,3.5791,0,0,1,202,60.3,84,30.16,30.2571,172,72240,3870,3637800,60.3,55.44,2025-04-10,,,,2025-04-10 12:16:00-07:00
1744311660000,2.2369,4.2502,0,0,1,203,61.7,82,30.16,30.2569,139,66720,3731,3483000,61.7,56.15,2025-04-10,4.34,,,2025-04-10 12:01:00-07:00
1744310760000,2.0132,4.0265,0,0,1,205,61.3,83,30.16,30.2569,140,58800,3591,3357900,61.3,56.09,2025-04-10,,,,2025-04-10 11:46:00-07:00
1744309860000,2.6843,4.0265,0,0,1,205,62.1,81,30.15,30.2467,111,53280,3480,3231900,62.1,56.2,2025-04-10,,,,2025-04-10 11:31:00-07:00
1744308960000,2.4606,3.5791,0,0,1,205,62.6,79,30.15,30.2467,424,178080,3056,3132000,62.6,55.99,2025-04-10,,,,2025-04-10 11:16:00-07:00
1744308060000,2.2369,3.5791,0,0,1,205,62.4,79,30.15,30.2467,405,194400,2651,2750400,62.4,55.8,2025-04-10,4.4,,,2025-04-10 11:01:00-07:00
1744307160000,2.2369,3.5791,0,0,1,205,61.9,80,30.16,30.2568,298,125160,2353,2385900,61.9,55.66,2025-04-10,,,,2025-04-10 10:46:00-07:00
1744306260000,2.2369,3.1317,0,0,1,205,61.3,81,30.16,30.2569,581,278880,1772,2117700,61.3,55.42,2025-04-10,,,,2025-04-10 10:31:00-07:00
1744305360000,2.0132,2.6843,0,0,1,205,60.3,85,30.16,30.2571,594,249480,1178,1594800,60.3,55.77,2025-04-10,,,,2025-04-10 10:16:00-07:00
1744304460000,1.5659,2.908,0,0,1,205,59.2,88,30.16,30.2573,523,251040,655,1060200,59.2,55.65,2025-04-10,4.31,,,2025-04-10 10:01:00-07:00
1744303560000,2.0132,2.908,0,0,1,205,58.5,89,30.16,30.2575,118,49560,537,589500,58.5,55.27,2025-04-10,,,,2025-04-10 09:46:00-07:00
1744302660000,1.5659,2.908,0,0,1,205,58.1,89,30.15,30.2475,105,50400,432,483300,58.1,54.87,2025-04-10,,,,2025-04-10 09:31:00-07:00
1744301760000,1.7895,2.6843,0,0,1,205,57.9,88,30.15,30.2475,148,62160,284,388800,57.9,54.37,2025-04-10,,,,2025-04-10 09:16:00-07:00
1744300860000,1.5659,2.6843,0,0,1,205,57.2,89,30.15,30.2477,125,60000,159,255600,57.2,53.99,2025-04-10,4.25,,,2025-04-10 09:01:00-07:00
1744299960000,1.5659,2.6843,0,0,1,205,56.7,90,30.16,30.2578,44,18480,115,143100,56.7,53.8,2025-04-10,,,,2025-04-10 08:46:00-07:00
1744299060000,1.1185,3.1317,0,0,1,205,56.3,90,30.16,30.2579,29,13920,86,103500,56.3,53.4,2025-04-10,,,,2025-04-10 08:31:00-07:00
1744298160000,1.1185,2.6843,0,0,1,205,55.4,94,30.15,30.248,24,10080,62,77400,55.4,53.7,2025-04-10,,,,2025-04-10 08:16:00-07:00
1744297260000,0.0,0.0,0,0,1,205,54.0,94,30.14,30.2382,23,11040,39,55800,54.0,52.31,2025-04-10,4.24,,,2025-04-10 08:01:00-07:00
1744296360000,0.0,0.0,0,0,1,205,53.2,94,30.13,30.2284,16,6720,23,35100,53.2,51.52,2025-04-10,,,,2025-04-10 07:46:00-07:00
1744295460000,0.0,0.0,0,0,1,205,52.2,96,30.13,30.2286,11,5280,5,14400,52.2,51.09,2025-04-10,,,,2025-04-10 07:31:00-07:00
1744294560000,0.0,0.0,0,0,1,205,51.3,97,30.12,30.2187,7,2940,16,10800,51.3,50.48,2025-04-10,,America/Los_Angeles,True,2025-04-10 07:16:00-07:00
1744293660000,0.0,0.0,0,0,1,205,50.9,97,30.11,30.2087,4,1920,1,4500,50.9,50.08,2025-04-10,,,,2025-04-10 07:01:00-07:00
1744292760000,0.0,0.0,0,0,1,205,50.9,97,30.11,30.2087,1,420,0,900,50.9,50.08,2025-04-10,,,,2025-04-10 06:46:00-07:00
1744291860000,0.0,0.0,0,0,1,205,50.7,96,30.11,30.2088,0,0,0,0,50.7,49.6,2025-04-10,,,,2025-04-10 06:31:00-07:00
1744290960000,0.0,0.0,0,0,1,205,50.7,95,30.11,30.2088,0,0,0,0,50.7,49.32,2025-04-10,4.25,,,2025-04-10 06:16:00-07:00
1744290060000,0.0,0.0,0,0,1,205,50.9,95,30.11,30.2087,0,0,0,0,50.9,49.52,2025-04-10,,,,2025-04-10 06:01:00-07:00
1744289160000,0.0,0.0,0,0,1,205,51.3,96,30.1,30.1986,0,0,0,0,51.3,50.2,2025-04-10,,,,2025-04-10 05:46:00-07:00
1744288260000,0.0,0.0,0,0,1,205,51.1,95,30.1,30.1987,0,0,0,0,51.1,49.72,2025-04-10,,,,2025-04-10 05:31:00-07:00
1744287360000,0.0,0.0,0,0,1,205,50.9,94,30.1,30.1987,0,0,0,0,50.9,49.23,2025-04-10,4.25,,,2025-04-10 05:16:00-07:00
1744286460000,0.0,0.0,0,0,1,205,50.9,93,30.1,30.1987,0,0,0,0,50.9,48.95,2025-04-10,,,,2025-04-10 05:01:00-07:00
1744285560000,0.0,0.0,0,0,1,205,51.4,93,30.09,30.1886,0,0,0,0,51.4,49.44,2025-04-10,,America/Los_Angeles,True,2025-04-10 04:46:00-07:00
1744284660000,0.0,0.0,0,0,1,205,52.0,94,30.09,30.1885,0,0,0,0,52.0,50.33,2025-04-10,4.25,,,2025-04-10 04:31:00-07:00
1744283760000,0.0,0.0,0,0,1,205,52.3,94,30.09,30.1884,0,0,0,0,52.3,50.62,2025-04-10,,,,2025-04-10 04:16:00-07:00
1744282860000,0.0,0.0,0,0,1,205,53.1,94,30.09,30.1883,0,0,0,0,53.1,51.42,2025-04-10,,,,2025-04-10 04:01:00-07:00
1744281960000,0.0,0.0,0,0,1,205,53.4,93,30.09,30.1882,0,0,0,0,53.4,51.43,2025-04-10,,,,2025-04-10 03:46:00-07:00
1744281060000,0.0,0.0,0,0,1,205,54.0,92,30.09,30.1881,0,0,0,0,54.0,51.73,2025-04-10,4.25,,,2025-04-10 03:31:00-07:00
1744280160000,0.0,0.0,0,0,1,205,54.7,91,30.09,30.1879,0,0,0,0,54.7,52.12,2025-04-10,,,,2025-04-10 03:16:00-07:00
1744279260000,0.4474,1.3422,0,0,1,205,54.9,91,30.09,30.1879,0,0,0,0,54.9,52.32,2025-04-10,,,,2025-04-10 03:01:00-07:00
1744278360000,0.0,0.0,0,0,1,205,54.5,93,30.1,30.198,0,0,0,0,54.5,52.52,2025-04-10,,,,2025-04-10 02:46:00-07:00
1744277460000,0.0,0.0,0,0,1,205,54.1,94,30.1,30.1981,0,0,0,0,54.1,52.41,2025-04-10,4.26,,,2025-04-10 02:31:00-07:00
1744276560000,0.0,0.0,0,0,1,205,53.8,95,30.1,30.1982,0,0,0,0,53.8,52.4,2025-04-10,,America/Los_Angeles,True,2025-04-10 02:16:00-07:00
1744275660000,0.0,0.0,0,0,1,205,53.6,95,30.1,30.1982,0,0,0,0,53.6,52.2,2025-04-10,,,,2025-04-10 02:01:00-07:00
1744274760000,0.0,0.0,0,0,1,205,53.6,95,30.11,30.2082,0,0,0,0,53.6,52.2,2025-04-10,,,,2025-04-10 01:46:00-07:00
1744273860000,0.0,0.0,0,0,1,205,53.8,94,30.11,30.2082,0,0,0,0,53.8,52.11,2025-04-10,4.26,,,2025-04-10 01:31:00-07:00
1744272960000,0.0,0.0,0,0,1,205,54.0,94,30.11,30.2081,0,0,0,0,54.0,52.31,2025-04-10,,,,2025-04-10 01:16:00-07:00
1744272060000,0.0,0.0,0,0,1,205,54.3,94,30.11,30.2081,0,0,0,0,54.3,52.61,2025-04-10,,,,2025-04-10 01:01:00-07:00
1744271160000,0.0,0.0,0,0,1,205,54.5,94,30.11,30.2081,0,0,0,0,54.5,52.81,2025-04-10,,,,2025-04-10 00:46:00-07:00
1744270260000,0.0,0.0,0,0,1,205,55.0,92,30.1,30.1979,0,0,0,0,55.0,52.72,2025-04-10,4.27,,,2025-04-10 00:31:00-07:00
1744269360000,0.0,0.0,0,0,1,205,55.6,92,30.1,30.1978,0,0,0,0,55.6,53.31,2025-04-10,,,,2025-04-10 00:16:00-07:00
1744268460000,0.0,0.0,0,0,1,205,55.9,92,30.1,30.1978,0,0,0,0,55.9,53.61,2025-04-10,,,,2025-04-10 00:01:00-07:00
