dateutc,windspeedmph,windgustmph,hourlyrainin,dailyrainin,trustdevicetime,winddir,tempf,humidity,dewPoint,feelsLike,baromabsin,baromrelin,solarradiation,sis,sds,solarradday,tz,historical,date,batt1volts,lastRain,local_time
1756623000000,0.0,0.0,0,0,1,273,63.9,92,61.53,63.9,29.86,29.9325,0,0,0,22619700,America/Los_Angeles,True,2025-08-30,,,2025-08-30 23:50:00-07:00
1756622100000,0.0,0.0,0,0,1,273,64.0,92,61.63,64.0,29.86,29.9325,0,0,25133,22619700,,,2025-08-30,4.29,2025-08-16T03:20:00.000Z,2025-08-30 23:35:00-07:00
1756621200000,0.0,0.0,0,0,1,273,64.6,92,62.22,64.6,29.86,29.9324,0,0,25133,22619700,America/Los_Angeles,True,2025-08-30,,,2025-08-30 23:20:00-07:00
1756620300000,0.0,0.0,0,0,1,273,64.6,91,61.91,64.6,29.86,29.9324,0,0,25133,22619700,,,2025-08-30,,2025-08-16T03:20:00.000Z,2025-08-30 23:05:00-07:00
1756619400000,0.0,0.0,0,0,1,273,64.8,91,62.11,64.8,29.86,29.9324,0,0,25133,22619700,,,2025-08-30,,2025-08-16T03:20:00.000Z,2025-08-30 22:50:00-07:00
1756618500000,0.0,0.0,0,0,1,273,65.3,91,62.6,65.3,29.86,29.9323,0,0,25133,22619700,,,2025-08-30,4.29,2025-08-16T03:20:00.000Z,2025-08-30 22:35:00-07:00
1756617600000,0.0,1.1185,0,0,1,273,64.9,91,62.21,64.9,29.86,29.9324,0,0,25133,22619700,,,2025-08-30,,2025-08-16T03:20:00.000Z,2025-08-30 22:20:00-07:00
1756616700000,0.0,0.0,0,0,1,273,65.3,90,62.29,65.3,29.86,29.9323,0,0,25133,22619700,,,2025-08-30,,2025-08-16T03:20:00.000Z,2025-08-30 22:05:00-07:00
1756615800000,0.0,0.0,0,0,1,273,65.8,90,62.78,65.8,29.86,29.9322,0,0,25133,22619700,,,2025-08-30,,2025-08-16T03:20:00.000Z,2025-08-30 21:50:00-07:00
1756614900000,0.0,1.3422,0,0,1,273,66.6,90,63.57,66.6,29.85,29.9221,0,0,25133,22619700,,,2025-08-30,4.3,2025-08-16T03:20:00.000Z,2025-08-30 21:35:00-07:00
1756614000000,0.0,0.0,0,0,1,273,66.4,90,63.37,66.4,29.85,29.9221,0,0,25133,22619700,,,2025-08-30,,2025-08-16T03:20:00.000Z,2025-08-30 21:20:00-07:00
1756613100000,0.0,0.0,0,0,1,273,65.7,89,62.36,65.7,29.84,29.9122,0,0,25133,22619700,,,2025-08-30,,2025-08-16T03:20:00.000Z,2025-08-30 21:05:00-07:00
1756612200000,0.0,0.0,0,0,1,273,66.0,88,62.34,66.0,29.84,29.9122,0,0,25133,22619700,,,2025-08-30,,2025-08-16T03:20:00.000Z,2025-08-30 20:50:00-07:00
1756611300000,0.0,0.0,0,0,1,273,66.7,88,63.03,66.7,29.84,29.9121,0,0,25133,22619700,,,2025-08-30,4.3,2025-08-16T03:20:00.000Z,2025-08-30 20:35:00-07:00
1756610400000,0.0,0.0,0,0,1,273,67.1,88,63.42,67.1,29.84,29.912,0,0,25133,22619700,,,2025-08-30,,2025-08-16T03:20:00.000Z,2025-08-30 20:20:00-07:00
1756609500000,0.6711,2.4606,0,0,1,273,67.6,87,63.59,67.6,29.84,29.9119,0,0,25133,22619700,,,2025-08-30,,2025-08-16T03:20:00.000Z,2025-08-30 20:05:00-07:00
1756608600000,2.0132,2.908,0,0,1,273,68.0,86,63.65,68.0,29.84,29.9119,0,0,25133,22619700,,,2025-08-30,,2025-08-16T03:20:00.000Z,2025-08-30 19:50:00-07:00
1756607700000,2.4606,4.0265,0,0,1,273,68.9,83,63.52,69.39,29.84,29.9118,1,900,25132,22619700,,,2025-08-30,4.31,2025-08-16T03:20:00.000Z,2025-08-30 19:35:00-07:00
1756606800000,2.2369,4.0265,0,0,1,273,70.0,80,63.54,70.46,29.83,29.9016,15,13500,25117,22618800,,,2025-08-30,,2025-08-16T03:20:00.000Z,2025-08-30 19:20:00-07:00
1756605900000,2.908,5.145,0,0,1,273,71.1,78,63.88,71.58,29.84,29.9115,41,36900,25076,22605300,,,2025-08-30,,2025-08-16T03:20:00.000Z,2025-08-30 19:05:00-07:00
1756605000000,3.3554,6.2634,0,0,1,273,71.8,77,64.19,72.3,29.83,29.9014,72,64800,25004,22568400,,,2025-08-30,,2025-08-16T03:20:00.000Z,2025-08-30 18:50:00-07:00
1756604100000,4.6976,8.053,0,0,1,250,72.0,78,64.75,72.57,29.84,29.9113,108,97200,24896,22503600,,,2025-08-30,4.33,2025-08-16T03:20:00.000Z,2025-08-30 18:35:00-07:00
1756603200000,5.816,8.9477,0,0,1,244,72.5,77,64.87,73.07,29.83,29.9013,147,132300,24749,22406400,,,2025-08-30,,2025-08-16T03:20:00.000Z,2025-08-30 18:20:00-07:00
1756602300000,6.0397,10.0662,0,0,1,247,74.3,71,64.27,74.77,29.83,29.901,191,171900,24558,22274100,,,2025-08-30,,2025-08-16T03:20:00.000Z,2025-08-30 18:05:00-07:00
1756601400000,4.9213,9.8425,0,0,1,264,75.9,65,63.27,76.25,29.83,29.9008,238,214200,24320,22102200,,,2025-08-30,,2025-08-16T03:20:00.000Z,2025-08-30 17:50:00-07:00
1756600500000,4.6976,10.0662,0,0,1,276,76.5,62,62.49,76.76,29.83,29.9007,285,256500,24035,21888000,,,2025-08-30,4.37,2025-08-16T03:20:00.000Z,2025-08-30 17:35:00-07:00
1756599600000,5.5923,10.0662,0,0,1,274,76.6,61,62.13,76.83,29.83,29.9007,333,299700,23702,21631500,,,2025-08-30,,2025-08-16T03:20:00.000Z,2025-08-30 17:20:00-07:00
1756598700000,5.3686,10.7373,0,0,1,273,77.0,61,62.5,77.27,29.83,29.9007,381,342900,23321,21331800,,,2025-08-30,,2025-08-16T03:20:00.000Z,2025-08-30 17:05:00-07:00
1756597800000,5.145,10.0662,0,0,1,271,76.6,64,63.49,76.97,29.83,29.9007,428,385200,22893,20988900,,,2025-08-30,,2025-08-16T03:20:00.000Z,2025-08-30 16:50:00-07:00
1756596900000,5.145,10.0662,0,0,1,254,76.5,68,65.13,77.05,29.84,29.9107,475,427500,22418,20603700,,,2025-08-30,4.37,2025-08-16T03:20:00.000Z,2025-08-30 16:35:00-07:00
1756596000000,5.816,10.2899,0,0,1,254,76.6,67,64.8,77.11,29.84,29.9107,519,467100,21899,20176200,,,2025-08-30,,2025-08-16T03:20:00.000Z,2025-08-30 16:20:00-07:00
1756595100000,5.5923,9.6188,0,0,1,259,76.1,68,64.75,76.61,29.85,29.9208,562,505800,21337,19709100,,,2025-08-30,,2025-08-16T03:20:00.000Z,2025-08-30 16:05:00-07:00
1756594200000,7.1582,10.2899,0,0,1,242,75.2,70,64.73,75.71,29.85,29.9209,602,541800,17966,16711200,,,2025-08-30,,2025-08-16T03:20:00.000Z,2025-08-30 15:50:00-07:00
1756593300000,6.0397,10.0662,0,0,1,247,76.5,67,64.71,77.0,29.85,29.9208,641,576900,18568,18661500,America/Los_Angeles,True,2025-08-30,4.38,,2025-08-30 15:35:00-07:00
1756592400000,5.816,9.8425,0,0,1,261,77.2,63,63.61,77.58,29.86,29.9307,676,608400,18568,18084600,America/Los_Angeles,True,2025-08-30,,,2025-08-30 15:20:00-07:00
1756591500000,6.4871,11.4084,0,0,1,248,76.1,70,65.59,76.7,29.86,29.9308,711,639900,18568,17476200,America/Los_Angeles,True,2025-08-30,,,2025-08-30 15:05:00-07:00
1756590600000,7.1582,10.7373,0,0,1,238,75.0,73,65.74,75.63,29.87,29.941,741,666900,18568,16836300,America/Los_Angeles,True,2025-08-30,,,2025-08-30 14:50:00-07:00
1756589700000,7.3819,10.5136,0,0,1,241,74.5,74,65.65,75.13,29.87,29.9411,767,690300,17199,16169400,,,2025-08-30,4.38,2025-08-16T03:20:00.000Z,2025-08-30 14:35:00-07:00
1756588800000,6.7108,11.1847,0,0,1,242,75.4,73,66.13,76.07,29.87,29.941,790,711000,14778,14011200,,,2025-08-30,,2025-08-16T03:20:00.000Z,2025-08-30 14:20:00-07:00
1756587900000,6.7108,10.2899,0,0,1,244,75.4,73,66.13,76.07,29.88,29.951,809,728100,15568,14768100,America/Los_Angeles,True,2025-08-30,,,2025-08-30 14:05:00-07:00
1756587000000,7.6056,10.7373,0,0,1,240,74.7,74,65.85,75.35,29.88,29.9511,822,739800,15568,14040000,America/Los_Angeles,True,2025-08-30,,,2025-08-30 13:50:00-07:00
1756586100000,7.1582,10.2899,0,0,1,244,75.2,73,65.94,75.85,29.88,29.951,832,748800,13946,13300200,,,2025-08-30,4.38,2025-08-16T03:20:00.000Z,2025-08-30 13:35:00-07:00
1756585200000,7.1582,10.5136,0,0,1,248,74.5,74,65.65,75.13,29.88,29.9511,840,756000,12263,11792700,,,2025-08-30,,2025-08-16T03:20:00.000Z,2025-08-30 13:20:00-07:00
1756584300000,7.8293,10.961,0,0,1,238,75.0,72,65.35,75.58,29.89,29.9611,843,758700,13103,11795400,America/Los_Angeles,True,2025-08-30,,,2025-08-30 13:05:00-07:00
1756583400000,5.816,10.5136,0,0,1,247,77.9,67,66.04,78.54,29.9,29.9707,843,758700,11420,11036700,,,2025-08-30,,2025-08-16T03:20:00.000Z,2025-08-30 12:50:00-07:00
1756582500000,5.816,10.2899,0,0,1,257,76.3,70,65.78,76.92,29.9,29.9709,837,753300,9754,9531900,,,2025-08-30,4.39,2025-08-16T03:20:00.000Z,2025-08-30 12:35:00-07:00
1756581600000,6.2634,10.5136,0,0,1,254,76.6,68,65.23,77.16,29.91,29.9809,829,746100,10591,9524700,America/Los_Angeles,True,2025-08-30,,,2025-08-30 12:20:00-07:00
1756580700000,5.3686,9.1714,0,0,1,240,75.4,70,64.92,75.93,29.91,29.9811,818,736200,8936,8778600,,,2025-08-30,,2025-08-16T03:20:00.000Z,2025-08-30 12:05:00-07:00
1756579800000,5.3686,8.2767,0,0,1,238,74.1,75,65.66,74.73,29.92,29.9913,796,716400,8140,8042400,,,2025-08-30,,2025-08-16T03:20:00.000Z,2025-08-30 11:50:00-07:00
1756578900000,5.3686,8.053,0,0,1,225,74.1,75,65.66,74.73,29.92,29.9913,777,699300,7363,7326000,,,2025-08-30,4.4,2025-08-16T03:20:00.000Z,2025-08-30 11:35:00-07:00
1756578000000,4.9213,8.5004,0,0,1,217,73.2,77,65.54,73.84,29.92,29.9914,752,676800,6611,6626700,,,2025-08-30,,2025-08-16T03:20:00.000Z,2025-08-30 11:20:00-07:00
1756577100000,4.4739,6.7108,0,0,1,194,73.6,76,65.55,74.23,29.93,30.0013,724,651600,5887,5949900,,,2025-08-30,,2025-08-16T03:20:00.000Z,2025-08-30 11:05:00-07:00
1756576200000,4.4739,7.3819,0,0,1,182,72.7,77,65.06,73.29,29.93,30.0015,691,621900,5196,5298300,,,2025-08-30,,2025-08-16T03:20:00.000Z,2025-08-30 10:50:00-07:00
1756575300000,5.5923,8.2767,0,0,1,172,72.0,78,64.75,72.57,29.93,30.0016,657,591300,4539,4676400,,,2025-08-30,4.49,2025-08-16T03:20:00.000Z,2025-08-30 10:35:00-07:00
1756574400000,5.3686,8.7241,0,0,1,165,72.9,74,64.11,73.37,29.93,30.0014,619,557100,3920,4085100,,,2025-08-30,,2025-08-16T03:20:00.000Z,2025-08-30 10:20:00-07:00
1756573500000,4.0265,6.0397,0,0,1,170,73.0,72,63.43,73.38,29.93,30.0014,580,522000,3340,3528000,,,2025-08-30,,2025-08-16T03:20:00.000Z,2025-08-30 10:05:00-07:00
1756572600000,4.6976,7.1582,0,0,1,179,72.5,73,63.34,72.88,29.93,30.0015,537,483300,2803,3006000,,,2025-08-30,,2025-08-16T03:20:00.000Z,2025-08-30 09:50:00-07:00
1756571700000,4.4739,7.1582,0,0,1,163,72.5,73,63.34,72.88,29.93,30.0015,492,442800,2311,2522700,,,2025-08-30,4.44,2025-08-16T03:20:00.000Z,2025-08-30 09:35:00-07:00
1756570800000,3.1317,4.6976,0,0,1,142,72.3,74,63.54,72.71,29.93,30.0015,446,401400,1865,2079900,,,2025-08-30,,2025-08-16T03:20:00.000Z,2025-08-30 09:20:00-07:00
1756569900000,2.4606,4.4739,0,0,1,142,73.0,72,63.43,73.38,29.93,30.0014,399,359100,1466,1678500,,,2025-08-30,,2025-08-16T03:20:00.000Z,2025-08-30 09:05:00-07:00
1756569000000,0.4474,2.908,0,0,1,142,72.0,73,62.86,72.33,29.93,30.0016,350,315000,1116,1319400,,,2025-08-30,,2025-08-16T03:20:00.000Z,2025-08-30 08:50:00-07:00
1756568100000,0.0,0.0,0,0,1,142,69.4,78,62.23,69.71,29.93,30.0019,300,270000,816,1004400,,,2025-08-30,4.24,2025-08-16T03:20:00.000Z,2025-08-30 08:35:00-07:00
1756567200000,0.0,0.0,0,0,1,142,66.7,84,61.71,66.7,29.93,30.0023,253,227700,563,734400,,,2025-08-30,,2025-08-16T03:20:00.000Z,2025-08-30 08:20:00-07:00
1756566300000,0.0,0.0,0,0,1,135,63.7,89,60.39,63.7,29.93,30.0027,207,186300,356,506700,,,2025-08-30,,2025-08-16T03:20:00.000Z,2025-08-30 08:05:00-07:00
1756565400000,0.0,0.0,0,0,1,108,62.2,92,59.84,62.2,29.93,30.0029,161,144900,195,320400,,,2025-08-30,,2025-08-16T03:20:00.000Z,2025-08-30 07:50:00-07:00
1756564500000,0.0,0.0,0,0,1,108,60.4,93,58.36,60.4,29.93,30.0032,115,103500,80,175500,,,2025-08-30,4.23,2025-08-16T03:20:00.000Z,2025-08-30 07:35:00-07:00
1756563600000,0.0,0.0,0,0,1,108,59.4,93,57.37,59.4,29.93,30.0033,50,45000,30,72000,,,2025-08-30,,2025-08-16T03:20:00.000Z,2025-08-30 07:20:00-07:00
1756562700000,0.0,0.0,0,0,1,108,59.0,93,56.98,59.0,29.93,30.0034,20,18000,10,27000,,,2025-08-30,,2025-08-16T03:20:00.000Z,2025-08-30 07:05:00-07:00
1756561800000,0.0,0.0,0,0,1,108,59.2,93,57.18,59.2,29.93,30.0033,9,8100,1,9000,,,2025-08-30,,2025-08-16T03:20:00.000Z,2025-08-30 06:50:00-07:00
1756560900000,0.0,0.0,0,0,1,108,59.2,93,57.18,59.2,29.93,30.0033,1,900,0,900,,,2025-08-30,4.24,2025-08-16T03:20:00.000Z,2025-08-30 06:35:00-07:00
1756560000000,0.0,0.0,0,0,1,108,59.5,93,57.47,59.5,29.92,29.9933,0,0,0,0,,,2025-08-30,,2025-08-16T03:20:00.000Z,2025-08-30 06:20:00-07:00
1756559100000,0.0,0.0,0,0,1,108,59.7,93,57.67,59.7,29.92,29.9932,0,0,0,0,,,2025-08-30,,2025-08-16T03:20:00.000Z,2025-08-30 06:05:00-07:00
1756558200000,0.0,0.0,0,0,1,108,60.1,93,58.07,60.1,29.91,29.9832,0,0,0,0,,,2025-08-30,,2025-08-16T03:20:00.000Z,2025-08-30 05:50:00-07:00
1756557300000,0.0,0.0,0,0,1,108,61.0,93,58.96,61.0,29.91,29.983,0,0,0,0,,,2025-08-30,4.25,2025-08-16T03:20:00.000Z,2025-08-30 05:35:00-07:00
1756556400000,0.0,0.0,0,0,1,108,60.8,93,58.76,60.8,29.91,29.9831,0,0,0,0,,,2025-08-30,,2025-08-16T03:20:00.000Z,2025-08-30 05:20:00-07:00
1756555500000,0.0,0.0,0,0,1,108,60.8,93,58.76,60.8,29.9,29.973,0,0,0,0,,,2025-08-30,,2025-08-16T03:20:00.000Z,2025-08-30 05:05:00-07:00
1756554600000,0.0,0.0,0,0,1,108,61.2,93,59.16,61.2,29.91,29.983,0,0,0,0,,,2025-08-30,,2025-08-16T03:20:00.000Z,2025-08-30 04:50:00-07:00
1756553700000,0.0,0.0,0,0,1,108,61.5,93,59.45,61.5,29.91,29.983,0,0,0,0,,,2025-08-30,4.26,2025-08-16T03:20:00.000Z,2025-08-30 04:35:00-07:00
1756552800000,0.0,0.0,0,0,1,108,61.7,92,59.35,61.7,29.91,29.9829,0,0,0,0,,,2025-08-30,,2025-08-16T03:20:00.000Z,2025-08-30 04:20:00-07:00
1756551900000,0.0,0.0,0,0,1,108,61.7,92,59.35,61.7,29.91,29.9829,0,0,0,0,,,2025-08-30,,2025-08-16T03:20:00.000Z,2025-08-30 04:05:00-07:00
1756551000000,0.0,0.0,0,0,1,108,62.2,92,59.84,62.2,29.91,29.9829,0,0,0,0,,,2025-08-30,,2025-08-16T03:20:00.000Z,2025-08-30 03:50:00-07:00
1756550100000,0.0,0.0,0,0,1,108,61.9,91,59.24,61.9,29.91,29.9829,0,0,0,0,,,2025-08-30,4.26,2025-08-16T03:20:00.000Z,2025-08-30 03:35:00-07:00
1756549200000,0.0,0.0,0,0,1,108,62.2,91,59.54,62.2,29.91,29.9829,0,0,0,0,,,2025-08-30,,2025-08-16T03:20:00.000Z,2025-08-30 03:20:00-07:00
1756548300000,0.0,1.5659,0,0,1,108,63.0,91,60.33,63.0,29.91,29.9827,0,0,0,0,,,2025-08-30,,2025-08-16T03:20:00.000Z,2025-08-30 03:05:00-07:00
1756547400000,0.0,1.5659,0,0,1,108,63.1,90,60.12,63.1,29.91,29.9827,0,0,0,0,,,2025-08-30,,2025-08-16T03:20:00.000Z,2025-08-30 02:50:00-07:00
1756546500000,0.2237,2.0132,0,0,1,108,63.3,90,60.31,63.3,29.91,29.9827,0,0,0,0,,,2025-08-30,4.28,2025-08-16T03:20:00.000Z,2025-08-30 02:35:00-07:00
1756545600000,0.2237,2.4606,0,0,1,108,63.9,89,60.59,63.9,29.91,29.9826,0,0,0,0,America/Los_Angeles,True,2025-08-30,,,2025-08-30 02:20:00-07:00
1756544700000,1.5659,4.0265,0,0,1,108,64.2,88,60.57,64.2,29.92,29.9926,0,0,0,0,,,2025-08-30,,2025-08-16T03:20:00.000Z,2025-08-30 02:05:00-07:00
1756543800000,2.2369,5.145,0,0,1,100,65.1,88,61.45,65.1,29.91,29.9825,0,0,0,0,,,2025-08-30,,2025-08-16T03:20:00.000Z,2025-08-30 01:50:00-07:00
1756542900000,1.1185,3.5791,0,0,1,96,65.3,88,61.65,65.3,29.91,29.9824,0,0,0,0,,,2025-08-30,4.26,2025-08-16T03:20:00.000Z,2025-08-30 01:35:00-07:00
1756542000000,1.1185,4.9213,0,0,1,133,65.7,88,62.04,65.7,29.92,29.9924,0,0,0,0,,,2025-08-30,,2025-08-16T03:20:00.000Z,2025-08-30 01:20:00-07:00
1756541100000,1.5659,5.5923,0,0,1,107,65.7,88,62.04,65.7,29.92,29.9924,0,0,0,0,,,2025-08-30,,2025-08-16T03:20:00.000Z,2025-08-30 01:05:00-07:00
1756540200000,1.5659,6.0397,0,0,1,91,65.8,88,62.14,65.8,29.92,29.9924,0,0,0,0,,,2025-08-30,,2025-08-16T03:20:00.000Z,2025-08-30 00:50:00-07:00
1756539300000,2.0132,7.6056,0,0,1,63,66.2,88,62.54,66.2,29.92,29.9923,0,0,0,0,,,2025-08-30,4.29,2025-08-16T03:20:00.000Z,2025-08-30 00:35:00-07:00
1756538400000,2.6843,10.5136,0,0,1,85,66.2,88,62.54,66.2,29.92,29.9923,0,0,0,0,,,2025-08-30,,2025-08-16T03:20:00.000Z,2025-08-30 00:20:00-07:00
1756537500000,2.0132,6.7108,0,0,1,94,66.2,88,62.54,66.2,29.92,29.9923,0,0,0,0,,,2025-08-30,,2025-08-16T03:20:00.000Z,2025-08-30 00:05:00-07:00
