dateutc,windspeedmph,windgustmph,hourlyrainin,dailyrainin,trustdevicetime,winddir,tempf,humidity,dewPoint,feelsLike,baromabsin,baromrelin,solarradiation,sis,sds,solarradday,lastRain,date,tz,historical,batt1volts,local_time
1756968600000,1.1185,5.3686,0,0,1,72,67.5,89,64.14,67.5,29.87,29.942,0,0,24709,22238100,2025-08-31T13:50:00.000Z,2025-09-03,,,,2025-09-03 23:50:00-07:00
1756967700000,0.4474,4.2502,0,0,1,67,67.5,88,63.82,67.5,29.87,29.942,0,0,24709,22238100,2025-08-31T13:50:00.000Z,2025-09-03,,,,2025-09-03 23:35:00-07:00
1756966800000,0.4474,4.0265,0,0,1,67,67.5,87,63.49,67.5,29.87,29.942,0,0,24709,22238100,,2025-09-03,America/Los_Angeles,True,,2025-09-03 23:20:00-07:00
1756965900000,0.2237,2.908,0,0,1,67,67.8,86,63.45,67.8,29.87,29.942,0,0,24709,22238100,2025-08-31T13:50:00.000Z,2025-09-03,,,,2025-09-03 23:05:00-07:00
1756965000000,0.4474,3.1317,0,0,1,67,68.2,86,63.85,68.76,29.87,29.9419,0,0,24709,22238100,2025-08-31T13:50:00.000Z,2025-09-03,,,,2025-09-03 22:50:00-07:00
1756964100000,1.1185,4.9213,0,0,1,67,68.2,86,63.85,68.76,29.88,29.952,0,0,24709,22238100,2025-08-31T13:50:00.000Z,2025-09-03,,,,2025-09-03 22:35:00-07:00
1756963200000,1.3422,4.2502,0,0,1,67,68.0,86,63.65,68.0,29.87,29.942,0,0,24709,22238100,2025-08-31T13:50:00.000Z,2025-09-03,,,4.29,2025-09-03 22:20:00-07:00
1756962300000,1.1185,2.908,0,0,1,67,67.8,86,63.45,67.8,29.87,29.942,0,0,24709,22238100,2025-08-31T13:50:00.000Z,2025-09-03,,,,2025-09-03 22:05:00-07:00
1756961400000,0.4474,2.0132,0,0,1,67,68.0,86,63.65,68.0,29.88,29.952,0,0,24709,22238100,2025-08-31T13:50:00.000Z,2025-09-03,,,,2025-09-03 21:50:00-07:00
1756960500000,1.3422,4.6976,0,0,1,56,68.4,86,64.04,68.98,29.87,29.9419,0,0,24709,22238100,2025-08-31T13:50:00.000Z,2025-09-03,,,,2025-09-03 21:35:00-07:00
1756959600000,1.3422,3.5791,0,0,1,19,67.8,87,63.78,67.8,29.87,29.942,0,0,24709,22238100,2025-08-31T13:50:00.000Z,2025-09-03,,,4.3,2025-09-03 21:20:00-07:00
1756958700000,0.0,2.2369,0,0,1,295,67.6,88,63.91,67.6,29.87,29.942,0,0,24709,22238100,2025-08-31T13:50:00.000Z,2025-09-03,,,,2025-09-03 21:05:00-07:00
1756957800000,0.0,1.1185,0,0,1,295,67.5,88,63.82,67.5,29.87,29.942,0,0,24709,22238100,2025-08-31T13:50:00.000Z,2025-09-03,,,,2025-09-03 20:50:00-07:00
1756956900000,0.0,0.0,0,0,1,295,67.8,88,64.11,67.8,29.87,29.942,0,0,24709,22238100,2025-08-31T13:50:00.000Z,2025-09-03,,,,2025-09-03 20:35:00-07:00
1756956000000,0.0,0.0,0,0,1,295,68.0,88,64.31,68.0,29.86,29.9319,0,0,24709,22238100,2025-08-31T13:50:00.000Z,2025-09-03,,,4.31,2025-09-03 20:20:00-07:00
1756955100000,0.0,0.0,0,0,1,295,68.2,87,64.18,68.81,29.86,29.9319,0,0,24709,22238100,2025-08-31T13:50:00.000Z,2025-09-03,,,,2025-09-03 20:05:00-07:00
1756954200000,0.0,0.0,0,0,1,295,68.7,85,64.0,69.27,29.86,29.9318,0,0,24709,22238100,2025-08-31T13:50:00.000Z,2025-09-03,,,,2025-09-03 19:50:00-07:00
1756953300000,0.0,0.0,0,0,1,295,69.6,85,64.88,70.25,29.85,29.9217,0,0,24709,22238100,2025-08-31T13:50:00.000Z,2025-09-03,,,,2025-09-03 19:35:00-07:00
1756952400000,0.0,0.0,0,0,1,295,70.7,83,65.27,71.37,29.85,29.9215,11,9900,24698,22238100,2025-08-31T13:50:00.000Z,2025-09-03,,,4.31,2025-09-03 19:20:00-07:00
1756951500000,0.4474,2.4606,0,0,1,295,71.6,81,65.45,72.27,29.85,29.9214,35,31500,24663,22228200,2025-08-31T13:50:00.000Z,2025-09-03,,,,2025-09-03 19:05:00-07:00
1756950600000,1.5659,3.5791,0,0,1,295,72.3,80,65.77,72.99,29.85,29.9213,64,57600,24599,22196700,2025-08-31T13:50:00.000Z,2025-09-03,,,,2025-09-03 18:50:00-07:00
1756949700000,2.6843,4.2502,0,0,1,246,73.0,77,65.35,73.62,29.85,29.9212,98,88200,24501,22139100,2025-08-31T13:50:00.000Z,2025-09-03,,,,2025-09-03 18:35:00-07:00
1756948800000,3.8028,6.2634,0,0,1,230,73.0,79,66.09,73.71,29.85,29.9212,138,124200,24363,22050900,2025-08-31T13:50:00.000Z,2025-09-03,,,4.35,2025-09-03 18:20:00-07:00
1756947900000,4.2502,6.4871,0,0,1,224,73.4,79,66.48,74.15,29.85,29.9212,181,162900,24182,21926700,2025-08-31T13:50:00.000Z,2025-09-03,,,,2025-09-03 18:05:00-07:00
1756947000000,3.8028,5.5923,0,0,1,225,74.8,75,66.33,75.51,29.85,29.921,226,203400,23956,21763800,2025-08-31T13:50:00.000Z,2025-09-03,,,,2025-09-03 17:50:00-07:00
1756946100000,4.4739,7.6056,0,0,1,228,74.8,75,66.33,75.51,29.85,29.921,273,245700,23683,21560400,2025-08-31T13:50:00.000Z,2025-09-03,,,,2025-09-03 17:35:00-07:00
1756945200000,6.4871,10.5136,0,0,1,239,73.9,78,66.6,74.66,29.85,29.9211,321,288900,23362,21314700,2025-08-31T13:50:00.000Z,2025-09-03,,,4.35,2025-09-03 17:20:00-07:00
1756944300000,6.7108,10.5136,0,0,1,243,74.3,77,66.61,75.05,29.85,29.9211,369,332100,22993,21025800,2025-08-31T13:50:00.000Z,2025-09-03,,,,2025-09-03 17:05:00-07:00
1756943400000,6.7108,9.8425,0,0,1,238,74.7,76,66.62,75.44,29.85,29.921,418,376200,22575,20693700,2025-08-31T13:50:00.000Z,2025-09-03,,,,2025-09-03 16:50:00-07:00
1756942500000,6.4871,9.6188,0,0,1,239,74.7,75,66.23,75.39,29.85,29.921,464,417600,22111,20317500,2025-08-31T13:50:00.000Z,2025-09-03,,,,2025-09-03 16:35:00-07:00
1756941600000,7.8293,10.7373,0,0,1,232,74.5,74,65.65,75.13,29.85,29.921,508,457200,21052,19404000,2025-08-31T13:50:00.000Z,2025-09-03,,,4.36,2025-09-03 16:20:00-07:00
1756940700000,6.0397,10.5136,0,0,1,243,75.9,71,65.81,76.53,29.86,29.9309,551,495900,21560,19442700,,2025-09-03,America/Los_Angeles,True,,2025-09-03 16:05:00-07:00
1756939800000,7.6056,11.4084,0,0,1,237,74.3,76,66.23,75.0,29.86,29.9311,592,532800,20460,18946800,2025-08-31T13:50:00.000Z,2025-09-03,,,,2025-09-03 15:50:00-07:00
1756938900000,8.5004,11.6321,0,0,1,237,74.3,75,65.85,74.96,29.87,29.9411,631,567900,19829,18414000,2025-08-31T13:50:00.000Z,2025-09-03,,,4.37,2025-09-03 15:35:00-07:00
1756938000000,8.7241,12.0795,0,0,1,240,74.5,75,66.04,75.18,29.87,29.9411,667,600300,19162,17846100,2025-08-31T13:50:00.000Z,2025-09-03,,,,2025-09-03 15:20:00-07:00
1756937100000,6.9345,11.1847,0,0,1,242,75.9,72,66.21,76.57,29.87,29.9409,698,628200,18464,17245800,2025-08-31T13:50:00.000Z,2025-09-03,,,,2025-09-03 15:05:00-07:00
1756936200000,6.4871,10.2899,0,0,1,239,76.3,71,66.19,76.97,29.88,29.9509,727,654300,17737,16617600,2025-08-31T13:50:00.000Z,2025-09-03,,,,2025-09-03 14:50:00-07:00
1756935300000,6.4871,10.0662,0,0,1,234,77.4,68,65.99,78.04,29.88,29.9507,752,676800,16985,15963300,2025-08-31T13:50:00.000Z,2025-09-03,,,4.38,2025-09-03 14:35:00-07:00
1756934400000,6.4871,11.1847,0,0,1,233,77.4,66,65.13,77.94,29.89,29.9607,774,696600,16211,15286500,2025-08-31T13:50:00.000Z,2025-09-03,,,,2025-09-03 14:20:00-07:00
1756933500000,6.2634,10.5136,0,0,1,235,77.2,68,65.8,77.82,29.9,29.9708,792,712800,15419,14589900,2025-08-31T13:50:00.000Z,2025-09-03,,,,2025-09-03 14:05:00-07:00
1756932600000,6.2634,10.0662,0,0,1,237,76.5,71,66.38,77.19,29.9,29.9709,806,725400,14613,13877100,2025-08-31T13:50:00.000Z,2025-09-03,,,,2025-09-03 13:50:00-07:00
1756931700000,6.9345,10.7373,0,0,1,232,76.8,73,67.47,77.61,29.9,29.9709,818,736200,13795,13151700,2025-08-31T13:50:00.000Z,2025-09-03,,,4.38,2025-09-03 13:35:00-07:00
1756930800000,5.145,8.5004,0,0,1,227,76.5,76,68.36,77.42,29.91,29.9809,826,743400,12969,12415500,2025-08-31T13:50:00.000Z,2025-09-03,,,,2025-09-03 13:20:00-07:00
1756929900000,4.9213,8.053,0,0,1,208,76.1,75,67.58,76.94,29.91,29.981,830,747000,12139,11672100,2025-08-31T13:50:00.000Z,2025-09-03,,,,2025-09-03 13:05:00-07:00
1756929000000,4.6976,7.8293,0,0,1,193,75.4,75,66.91,76.17,29.91,29.9811,830,747000,11309,10925100,2025-08-31T13:50:00.000Z,2025-09-03,,,,2025-09-03 12:50:00-07:00
1756928100000,4.6976,7.6056,0,0,1,203,76.5,73,67.18,77.28,29.91,29.9809,826,743400,10483,10178100,2025-08-31T13:50:00.000Z,2025-09-03,,,4.38,2025-09-03 12:35:00-07:00
1756927200000,5.145,7.8293,0,0,1,198,75.7,74,66.81,76.45,29.91,29.981,817,735300,9666,9434700,2025-08-31T13:50:00.000Z,2025-09-03,,,,2025-09-03 12:20:00-07:00
1756926300000,5.145,8.2767,0,0,1,184,74.8,75,66.33,75.51,29.91,29.9811,805,724500,8861,8699400,2025-08-31T13:50:00.000Z,2025-09-03,,,,2025-09-03 12:05:00-07:00
1756925400000,5.816,9.1714,0,0,1,169,74.5,75,66.04,75.18,29.91,29.9812,790,711000,8071,7974900,2025-08-31T13:50:00.000Z,2025-09-03,,,,2025-09-03 11:50:00-07:00
1756924500000,6.4871,10.2899,0,0,1,162,75.2,75,66.72,75.95,29.92,29.9911,770,693000,7301,7263900,2025-08-31T13:50:00.000Z,2025-09-03,,,4.39,2025-09-03 11:35:00-07:00
1756923600000,7.8293,11.8558,0,0,1,152,74.8,76,66.71,75.55,29.92,29.9912,747,672300,6554,6570900,2025-08-31T13:50:00.000Z,2025-09-03,,,,2025-09-03 11:20:00-07:00
1756922700000,6.7108,12.7505,0,0,1,140,78.3,69,67.27,79.07,29.92,29.9907,721,648900,5833,5898600,2025-08-31T13:50:00.000Z,2025-09-03,,,,2025-09-03 11:05:00-07:00
1756921800000,5.816,11.4084,0,0,1,122,79.2,67,67.28,79.97,29.93,30.0006,691,621900,5142,5249700,2025-08-31T13:50:00.000Z,2025-09-03,,,,2025-09-03 10:50:00-07:00
1756920900000,6.7108,10.7373,0,0,1,130,79.2,68,67.71,80.02,29.92,29.9906,657,591300,4485,4627800,2025-08-31T13:50:00.000Z,2025-09-03,,,4.47,2025-09-03 10:35:00-07:00
1756920000000,5.5923,12.7505,0,0,1,118,79.3,65,66.49,79.99,29.92,29.9906,621,558900,3864,4036500,2025-08-31T13:50:00.000Z,2025-09-03,,,,2025-09-03 10:20:00-07:00
1756919100000,3.5791,10.961,0,0,1,99,78.8,66,66.46,79.48,29.92,29.9906,582,523800,2787,3032100,2025-08-31T13:50:00.000Z,2025-09-03,,,,2025-09-03 10:05:00-07:00
1756918200000,4.4739,11.4084,0,0,1,98,77.5,68,66.09,78.15,29.92,29.9908,540,486000,2247,2508300,2025-08-31T13:50:00.000Z,2025-09-03,,,,2025-09-03 09:50:00-07:00
1756917300000,4.9213,11.1847,0,0,1,113,76.5,71,66.38,77.19,29.92,29.9909,495,445500,3369,2467800,,2025-09-03,America/Los_Angeles,True,4.44,2025-09-03 09:35:00-07:00
1756916400000,4.6976,10.7373,0,0,1,106,75.4,73,66.13,76.07,29.92,29.9911,449,404100,1798,2022300,2025-08-31T13:50:00.000Z,2025-09-03,,,,2025-09-03 09:20:00-07:00
1756915500000,3.1317,9.1714,0,0,1,70,73.9,76,65.84,74.56,29.92,29.9913,401,360900,1397,1618200,2025-08-31T13:50:00.000Z,2025-09-03,,,,2025-09-03 09:05:00-07:00
1756914600000,1.7895,8.2767,0,0,1,96,73.0,78,65.72,73.67,29.92,29.9914,351,315900,1046,1257300,2025-08-31T13:50:00.000Z,2025-09-03,,,4.27,2025-09-03 08:50:00-07:00
1756913700000,1.5659,7.1582,0,0,1,44,71.4,81,65.26,72.05,29.92,29.9916,301,270900,745,941400,2025-08-31T13:50:00.000Z,2025-09-03,,,,2025-09-03 08:35:00-07:00
1756912800000,2.2369,7.8293,0,0,1,62,70.5,82,64.73,71.1,29.92,29.9917,248,223200,497,670500,2025-08-31T13:50:00.000Z,2025-09-03,,,,2025-09-03 08:20:00-07:00
1756911900000,2.908,8.7241,0,0,1,120,69.6,84,64.54,70.21,29.92,29.9919,198,178200,147,310500,2025-08-31T13:50:00.000Z,2025-09-03,,,,2025-09-03 08:05:00-07:00
1756911000000,1.7895,7.6056,0,0,1,78,68.5,86,64.14,69.09,29.92,29.992,152,136800,345,269100,,2025-09-03,America/Los_Angeles,True,4.25,2025-09-03 07:50:00-07:00
1756910100000,0.8948,6.7108,0,0,1,62,67.3,88,63.62,67.3,29.92,29.9922,100,90000,47,132300,2025-08-31T13:50:00.000Z,2025-09-03,,,,2025-09-03 07:35:00-07:00
1756909200000,1.1185,5.145,0,0,1,62,65.8,89,62.46,65.8,29.91,29.9824,25,22500,22,42300,2025-08-31T13:50:00.000Z,2025-09-03,,,,2025-09-03 07:20:00-07:00
1756908300000,0.2237,2.2369,0,0,1,62,65.5,89,62.17,65.5,29.91,29.9824,16,14400,6,19800,2025-08-31T13:50:00.000Z,2025-09-03,,,,2025-09-03 07:05:00-07:00
1756907400000,0.0,2.4606,0,0,1,62,66.0,89,62.66,66.0,29.9,29.9723,6,5400,0,5400,2025-08-31T13:50:00.000Z,2025-09-03,,,4.25,2025-09-03 06:50:00-07:00
1756906500000,0.0,2.0132,0,0,1,62,66.4,88,62.73,66.4,29.9,29.9723,0,0,0,0,2025-08-31T13:50:00.000Z,2025-09-03,,,,2025-09-03 06:35:00-07:00
1756905600000,0.4474,3.3554,0,0,1,62,66.9,87,62.9,66.9,29.9,29.9722,0,0,0,0,2025-08-31T13:50:00.000Z,2025-09-03,,,,2025-09-03 06:20:00-07:00
1756904700000,0.8948,4.0265,0,0,1,68,67.3,87,63.29,67.3,29.9,29.9721,0,0,0,0,2025-08-31T13:50:00.000Z,2025-09-03,,,,2025-09-03 06:05:00-07:00
1756903800000,1.5659,6.0397,0,0,1,94,67.5,85,62.83,67.5,29.89,29.9621,0,0,0,0,2025-08-31T13:50:00.000Z,2025-09-03,,,4.26,2025-09-03 05:50:00-07:00
1756902900000,1.3422,4.6976,0,0,1,62,67.6,85,62.92,67.6,29.89,29.9621,0,0,0,0,2025-08-31T13:50:00.000Z,2025-09-03,,,,2025-09-03 05:35:00-07:00
1756902000000,1.3422,7.1582,0,0,1,46,67.3,85,62.63,67.3,29.89,29.9621,0,0,0,0,2025-08-31T13:50:00.000Z,2025-09-03,,,,2025-09-03 05:20:00-07:00
1756901100000,0.0,2.0132,0,0,1,7,67.3,85,62.63,67.3,29.88,29.9521,0,0,0,0,2025-08-31T13:50:00.000Z,2025-09-03,,,,2025-09-03 05:05:00-07:00
1756900200000,0.2237,4.0265,0,0,1,6,67.3,85,62.63,67.3,29.88,29.9521,0,0,0,0,2025-08-31T13:50:00.000Z,2025-09-03,,,4.27,2025-09-03 04:50:00-07:00
1756899300000,0.4474,4.2502,0,0,1,5,66.6,87,62.6,66.6,29.88,29.9522,0,0,0,0,2025-08-31T13:50:00.000Z,2025-09-03,,,,2025-09-03 04:35:00-07:00
1756898400000,0.0,3.3554,0,0,1,199,65.3,89,61.97,65.3,29.88,29.9524,0,0,0,0,2025-08-31T13:50:00.000Z,2025-09-03,,,,2025-09-03 04:20:00-07:00
1756897500000,0.0,0.0,0,0,1,208,64.6,90,61.6,64.6,29.88,29.9525,0,0,0,0,2025-08-31T13:50:00.000Z,2025-09-03,,,,2025-09-03 04:05:00-07:00
1756896600000,0.0,0.0,0,0,1,208,64.0,90,61.0,64.0,29.88,29.9525,0,0,0,0,2025-08-31T13:50:00.000Z,2025-09-03,,,4.27,2025-09-03 03:50:00-07:00
1756895700000,0.0,0.0,0,0,1,208,64.0,90,61.0,64.0,29.88,29.9525,0,0,0,0,2025-08-31T13:50:00.000Z,2025-09-03,,,,2025-09-03 03:35:00-07:00
1756894800000,0.0,0.0,0,0,1,208,64.0,90,61.0,64.0,29.88,29.9525,0,0,0,0,2025-08-31T13:50:00.000Z,2025-09-03,,,,2025-09-03 03:20:00-07:00
1756893900000,0.0,0.0,0,0,1,208,63.7,89,60.39,63.7,29.88,29.9526,0,0,0,0,2025-08-31T13:50:00.000Z,2025-09-03,,,,2025-09-03 03:05:00-07:00
1756893000000,0.0,0.0,0,0,1,208,63.9,89,60.59,63.9,29.88,29.9525,0,0,0,0,2025-08-31T13:50:00.000Z,2025-09-03,,,4.28,2025-09-03 02:50:00-07:00
1756892100000,0.0,0.0,0,0,1,208,64.0,89,60.69,64.0,29.88,29.9525,0,0,0,0,2025-08-31T13:50:00.000Z,2025-09-03,,,,2025-09-03 02:35:00-07:00
1756891200000,0.0,0.0,0,0,1,208,64.0,89,60.69,64.0,29.88,29.9525,0,0,0,0,2025-08-31T13:50:00.000Z,2025-09-03,,,,2025-09-03 02:20:00-07:00
1756890300000,0.0,0.0,0,0,1,208,64.4,89,61.08,64.4,29.88,29.9525,0,0,0,0,2025-08-31T13:50:00.000Z,2025-09-03,,,,2025-09-03 02:05:00-07:00
1756889400000,0.0,0.0,0,0,1,208,64.9,88,61.26,64.9,29.88,29.9524,0,0,0,0,2025-08-31T13:50:00.000Z,2025-09-03,,,4.29,2025-09-03 01:50:00-07:00
1756888500000,0.0,0.0,0,0,1,208,65.1,88,61.45,65.1,29.88,29.9524,0,0,0,0,2025-08-31T13:50:00.000Z,2025-09-03,,,,2025-09-03 01:35:00-07:00
1756887600000,0.0,0.0,0,0,1,208,65.7,87,61.72,65.7,29.88,29.9523,0,0,0,0,2025-08-31T13:50:00.000Z,2025-09-03,,,,2025-09-03 01:20:00-07:00
1756886700000,0.0,0.0,0,0,1,208,66.0,87,62.01,66.0,29.88,29.9523,0,0,0,0,2025-08-31T13:50:00.000Z,2025-09-03,,,,2025-09-03 01:05:00-07:00
1756885800000,0.0,0.0,0,0,1,208,66.4,87,62.41,66.4,29.89,29.9622,0,0,0,0,2025-08-31T13:50:00.000Z,2025-09-03,,,4.29,2025-09-03 00:50:00-07:00
1756884900000,0.0,0.0,0,0,1,208,66.6,87,62.6,66.6,29.88,29.9522,0,0,0,0,2025-08-31T13:50:00.000Z,2025-09-03,,,,2025-09-03 00:35:00-07:00
1756884000000,0.0,0.0,0,0,1,208,66.6,87,62.6,66.6,29.89,29.9622,0,0,0,0,2025-08-31T13:50:00.000Z,2025-09-03,,,,2025-09-03 00:20:00-07:00
1756883100000,0.0,0.0,0,0,1,208,66.6,86,62.28,66.6,29.89,29.9622,0,0,0,0,2025-08-31T13:50:00.000Z,2025-09-03,,,,2025-09-03 00:05:00-07:00
