dateutc,windspeedmph,windgustmph,hourlyrainin,dailyrainin,trustdevicetime,winddir,tempf,humidity,baromabsin,baromrelin,solarradiation,sis,sds,solarradday,tz,historical,feelsLike,dewPoint,date,batt1volts,lastRain,local_time
1744267800000,0.6711,4.0265,0,0,1,11,55.8,91,30.06,30.1341,0,0,0,23281200,America/Los_Angeles,True,55.8,53.21,2025-04-09,,,2025-04-09 23:50:00-07:00
1744266900000,0.8948,4.4739,0,0,1,95,55.6,91,30.06,30.1342,0,0,25868,23281200,,,55.6,53.01,2025-04-09,4.29,2025-04-01T21:20:00.000Z,2025-04-09 23:35:00-07:00
1744266000000,0.4474,3.1317,0,0,1,101,55.6,90,30.06,30.1342,0,0,25868,23281200,,,55.6,52.71,2025-04-09,,2025-04-01T21:20:00.000Z,2025-04-09 23:20:00-07:00
1744265100000,0.8948,4.6976,0,0,1,103,55.8,90,30.06,30.1341,0,0,25868,23281200,,,55.8,52.91,2025-04-09,,2025-04-01T21:20:00.000Z,2025-04-09 23:05:00-07:00
1744264200000,1.1185,6.7108,0,0,1,110,55.9,90,30.06,30.1341,0,0,25868,23281200,,,55.9,53.01,2025-04-09,,2025-04-01T21:20:00.000Z,2025-04-09 22:50:00-07:00
1744263300000,2.0132,6.7108,0,0,1,56,56.1,89,30.06,30.1341,0,0,25868,23281200,,,56.1,52.9,2025-04-09,4.29,2025-04-01T21:20:00.000Z,2025-04-09 22:35:00-07:00
1744262400000,2.0132,5.145,0,0,1,66,56.3,89,30.06,30.1341,0,0,25868,23281200,,,56.3,53.1,2025-04-09,,2025-04-01T21:20:00.000Z,2025-04-09 22:20:00-07:00
1744261500000,1.7895,8.5004,0,0,1,52,56.5,89,30.06,30.134,0,0,25868,23281200,,,56.5,53.3,2025-04-09,,2025-04-01T21:20:00.000Z,2025-04-09 22:05:00-07:00
1744260600000,1.3422,5.3686,0,0,1,85,56.5,89,30.06,30.134,0,0,25868,23281200,,,56.5,53.3,2025-04-09,,2025-04-01T21:20:00.000Z,2025-04-09 21:50:00-07:00
1744259700000,1.5659,6.0397,0,0,1,71,56.5,89,30.05,30.124,0,0,25868,23281200,,,56.5,53.3,2025-04-09,4.3,2025-04-01T21:20:00.000Z,2025-04-09 21:35:00-07:00
1744258800000,0.8948,4.4739,0,0,1,97,56.3,89,30.05,30.124,0,0,25868,23281200,,,56.3,53.1,2025-04-09,,2025-04-01T21:20:00.000Z,2025-04-09 21:20:00-07:00
1744257900000,0.0,1.5659,0,0,1,182,56.1,90,30.04,30.114,0,0,25868,23281200,,,56.1,53.21,2025-04-09,,2025-04-01T21:20:00.000Z,2025-04-09 21:05:00-07:00
1744257000000,0.6711,2.2369,0,0,1,182,55.6,90,30.04,30.1141,0,0,25868,23281200,,,55.6,52.71,2025-04-09,,2025-04-01T21:20:00.000Z,2025-04-09 20:50:00-07:00
1744256100000,0.8948,2.6843,0,0,1,182,56.1,90,30.03,30.104,0,0,25868,23281200,,,56.1,53.21,2025-04-09,4.31,2025-04-01T21:20:00.000Z,2025-04-09 20:35:00-07:00
1744255200000,0.0,1.5659,0,0,1,182,56.1,90,30.03,30.104,0,0,25868,23281200,,,56.1,53.21,2025-04-09,,2025-04-01T21:20:00.000Z,2025-04-09 20:20:00-07:00
1744254300000,0.0,1.3422,0,0,1,182,56.1,90,30.03,30.104,0,0,25868,23281200,,,56.1,53.21,2025-04-09,,2025-04-01T21:20:00.000Z,2025-04-09 20:05:00-07:00
1744253400000,0.0,1.5659,0,0,1,182,56.3,90,30.03,30.104,0,0,25867,23280300,,,56.3,53.4,2025-04-09,,2025-04-01T21:20:00.000Z,2025-04-09 19:50:00-07:00
1744252500000,0.8948,2.2369,0,0,1,182,56.8,90,30.02,30.0939,1,900,25867,23281200,America/Los_Angeles,True,56.8,53.9,2025-04-09,4.31,,2025-04-09 19:35:00-07:00
1744251600000,1.5659,3.5791,0,0,1,182,57.7,88,30.02,30.0938,9,8100,25858,23280300,,,57.7,54.17,2025-04-09,,2025-04-01T21:20:00.000Z,2025-04-09 19:20:00-07:00
1744250700000,2.0132,3.3554,0,0,1,182,58.6,87,30.02,30.0936,41,36900,25817,23272200,,,58.6,54.74,2025-04-09,,2025-04-01T21:20:00.000Z,2025-04-09 19:05:00-07:00
1744249800000,2.2369,3.1317,0,0,1,182,59.2,86,30.02,30.0936,77,69300,25740,23235300,,,59.2,55.01,2025-04-09,,2025-04-01T21:20:00.000Z,2025-04-09 18:50:00-07:00
1744248900000,2.6843,5.145,0,0,1,182,59.5,86,30.03,30.1035,115,103500,25625,23166000,,,59.5,55.31,2025-04-09,4.36,2025-04-01T21:20:00.000Z,2025-04-09 18:35:00-07:00
1744248000000,3.8028,6.9345,0,0,1,212,60.3,84,30.02,30.0934,156,140400,25469,23062500,,,60.3,55.44,2025-04-09,,2025-04-01T21:20:00.000Z,2025-04-09 18:20:00-07:00
1744247100000,3.5791,4.6976,0,0,1,216,61.7,82,30.02,30.0932,202,181800,25267,22922100,,,61.7,56.15,2025-04-09,,2025-04-01T21:20:00.000Z,2025-04-09 18:05:00-07:00
1744246200000,4.0265,5.5923,0,0,1,222,62.6,80,30.02,30.0931,250,225000,25017,22740300,,,62.6,56.34,2025-04-09,,2025-04-01T21:20:00.000Z,2025-04-09 17:50:00-07:00
1744245300000,3.8028,5.5923,0,0,1,247,63.1,79,30.02,30.093,299,269100,24718,22515300,,,63.1,56.48,2025-04-09,4.38,2025-04-01T21:20:00.000Z,2025-04-09 17:35:00-07:00
1744244400000,5.145,7.8293,0,0,1,242,61.7,81,30.03,30.1032,348,313200,24370,22246200,,,61.7,55.81,2025-04-09,,2025-04-01T21:20:00.000Z,2025-04-09 17:20:00-07:00
1744243500000,6.4871,9.6188,0,0,1,243,62.8,78,30.02,30.093,397,357300,23973,21933000,,,62.8,55.83,2025-04-09,,2025-04-01T21:20:00.000Z,2025-04-09 17:05:00-07:00
1744242600000,6.0397,8.9477,0,0,1,249,64.2,75,30.03,30.1029,447,402300,23526,21575700,,,64.2,56.1,2025-04-09,,2025-04-01T21:20:00.000Z,2025-04-09 16:50:00-07:00
1744241700000,5.5923,8.5004,0,0,1,242,64.9,74,30.02,30.0928,494,444600,23032,21173400,,,64.9,56.41,2025-04-09,4.38,2025-04-01T21:20:00.000Z,2025-04-09 16:35:00-07:00
1744240800000,6.2634,10.0662,0,0,1,244,64.8,73,30.02,30.0928,539,485100,22493,20728800,,,64.8,55.94,2025-04-09,,2025-04-01T21:20:00.000Z,2025-04-09 16:20:00-07:00
1744239900000,7.3819,11.6321,0,0,1,258,64.9,71,30.02,30.0928,582,523800,21911,20243700,,,64.9,55.27,2025-04-09,,2025-04-01T21:20:00.000Z,2025-04-09 16:05:00-07:00
1744239000000,6.7108,10.2899,0,0,1,256,65.3,72,30.03,30.1027,622,559800,21289,19719900,,,65.3,56.04,2025-04-09,,2025-04-01T21:20:00.000Z,2025-04-09 15:50:00-07:00
1744238100000,6.9345,10.961,0,0,1,272,64.9,73,30.03,30.1028,661,594900,20628,19160100,,,64.9,56.03,2025-04-09,4.39,2025-04-01T21:20:00.000Z,2025-04-09 15:35:00-07:00
1744237200000,6.4871,10.7373,0,0,1,268,64.9,75,30.03,30.1028,696,626400,19932,18565200,,,64.9,56.78,2025-04-09,,2025-04-01T21:20:00.000Z,2025-04-09 15:20:00-07:00
1744236300000,6.4871,9.6188,0,0,1,262,64.9,77,30.03,30.1028,728,655200,19204,17938800,,,64.9,57.51,2025-04-09,,2025-04-01T21:20:00.000Z,2025-04-09 15:05:00-07:00
1744235400000,6.7108,10.2899,0,0,1,265,65.3,77,30.03,30.1027,758,682200,18446,17283600,,,65.3,57.9,2025-04-09,,2025-04-01T21:20:00.000Z,2025-04-09 14:50:00-07:00
1744234500000,6.7108,10.2899,0,0,1,268,65.5,76,30.04,30.1127,785,706500,17661,16601400,,,65.5,57.73,2025-04-09,4.39,2025-04-01T21:20:00.000Z,2025-04-09 14:35:00-07:00
1744233600000,6.7108,9.3951,0,0,1,267,65.5,75,30.04,30.1127,808,727200,16853,15894900,,,65.5,57.36,2025-04-09,,2025-04-01T21:20:00.000Z,2025-04-09 14:20:00-07:00
1744232700000,6.9345,10.961,0,0,1,269,64.8,74,30.04,30.1128,826,743400,16027,15167700,,,64.8,56.31,2025-04-09,,2025-04-01T21:20:00.000Z,2025-04-09 14:05:00-07:00
1744231800000,6.7108,11.1847,0,0,1,271,64.9,75,30.04,30.1128,841,756900,15186,14424300,,,64.9,56.78,2025-04-09,,2025-04-01T21:20:00.000Z,2025-04-09 13:50:00-07:00
1744230900000,6.2634,9.8425,0,0,1,248,64.0,76,30.04,30.1129,851,765900,14335,13667400,,,64.0,56.28,2025-04-09,4.39,2025-04-01T21:20:00.000Z,2025-04-09 13:35:00-07:00
1744230000000,7.3819,10.7373,0,0,1,241,63.0,75,30.04,30.1131,857,771300,13478,12901500,,,63.0,54.95,2025-04-09,,2025-04-01T21:20:00.000Z,2025-04-09 13:20:00-07:00
1744229100000,6.9345,10.2899,0,0,1,242,63.3,75,30.04,30.113,861,774900,12617,12130200,,,63.3,55.24,2025-04-09,,2025-04-01T21:20:00.000Z,2025-04-09 13:05:00-07:00
1744228200000,5.145,8.7241,0,0,1,249,63.7,76,30.05,30.123,860,774000,11757,11355300,,,63.7,55.99,2025-04-09,,2025-04-01T21:20:00.000Z,2025-04-09 12:50:00-07:00
1744227300000,5.145,7.6056,0,0,1,238,62.6,78,30.05,30.1231,854,768600,10903,10581300,,,62.6,55.64,2025-04-09,4.4,2025-04-01T21:20:00.000Z,2025-04-09 12:35:00-07:00
1744226400000,5.145,7.8293,0,0,1,230,61.9,78,30.05,30.1232,845,760500,10058,9812700,,,61.9,54.96,2025-04-09,,2025-04-01T21:20:00.000Z,2025-04-09 12:20:00-07:00
1744225500000,4.9213,6.9345,0,0,1,216,61.0,79,30.05,30.1234,833,749700,9225,9052200,,,61.0,54.44,2025-04-09,,2025-04-01T21:20:00.000Z,2025-04-09 12:05:00-07:00
1744224600000,4.0265,6.2634,0,0,1,217,61.2,80,30.05,30.1233,817,735300,8408,8302500,,,61.2,54.98,2025-04-09,,2025-04-01T21:20:00.000Z,2025-04-09 11:50:00-07:00
1744223700000,3.5791,6.0397,0,0,1,182,61.5,80,30.05,30.1233,798,718200,7610,7567200,,,61.5,55.27,2025-04-09,4.42,2025-04-01T21:20:00.000Z,2025-04-09 11:35:00-07:00
1744222800000,3.5791,5.816,0,0,1,176,61.2,81,30.05,30.1233,773,695700,6837,6849000,,,61.2,55.32,2025-04-09,,2025-04-01T21:20:00.000Z,2025-04-09 11:20:00-07:00
1744221900000,5.5923,8.2767,0,0,1,178,60.1,82,30.05,30.1235,744,669600,6093,6153300,,,60.1,54.58,2025-04-09,,2025-04-01T21:20:00.000Z,2025-04-09 11:05:00-07:00
1744221000000,5.5923,8.5004,0,0,1,173,61.7,80,30.05,30.1233,713,641700,5380,5483700,,,61.7,55.46,2025-04-09,,2025-04-01T21:20:00.000Z,2025-04-09 10:50:00-07:00
1744220100000,6.0397,8.7241,0,0,1,165,61.9,80,30.04,30.1132,680,612000,4700,4842000,,,61.9,55.66,2025-04-09,4.53,2025-04-01T21:20:00.000Z,2025-04-09 10:35:00-07:00
1744219200000,5.816,8.2767,0,0,1,165,62.2,79,30.04,30.1132,642,577800,4058,4230000,,,62.2,55.6,2025-04-09,,2025-04-01T21:20:00.000Z,2025-04-09 10:20:00-07:00
1744218300000,5.145,7.3819,0,0,1,171,64.2,73,30.04,30.1129,602,541800,3456,3652200,,,64.2,55.36,2025-04-09,,2025-04-01T21:20:00.000Z,2025-04-09 10:05:00-07:00
1744217400000,3.1317,6.0397,0,0,1,136,64.9,72,30.04,30.1128,558,502200,2898,3110400,,,64.9,55.65,2025-04-09,,2025-04-01T21:20:00.000Z,2025-04-09 09:50:00-07:00
1744216500000,2.6843,8.2767,0,0,1,130,65.1,72,30.04,30.1128,513,461700,2385,2608200,,,65.1,55.84,2025-04-09,4.51,2025-04-01T21:20:00.000Z,2025-04-09 09:35:00-07:00
1744215600000,3.1317,5.816,0,0,1,141,63.7,75,30.04,30.113,466,419400,1919,2146500,,,63.7,55.62,2025-04-09,,2025-04-01T21:20:00.000Z,2025-04-09 09:20:00-07:00
1744214700000,2.4606,6.0397,0,0,1,141,62.2,78,30.04,30.1132,416,374400,1503,1727100,,,62.2,55.25,2025-04-09,,2025-04-01T21:20:00.000Z,2025-04-09 09:05:00-07:00
1744213800000,2.0132,5.816,0,0,1,151,61.0,80,30.04,30.1133,364,327600,1139,1352700,,,61.0,54.78,2025-04-09,,2025-04-01T21:20:00.000Z,2025-04-09 08:50:00-07:00
1744212900000,0.0,2.0132,0,0,1,154,59.2,83,30.04,30.1136,312,280800,827,1025100,,,59.2,54.04,2025-04-09,4.24,2025-04-01T21:20:00.000Z,2025-04-09 08:35:00-07:00
1744212000000,0.0,2.4606,0,0,1,154,57.4,87,30.04,30.1139,264,237600,563,744300,,,57.4,53.56,2025-04-09,,2025-04-01T21:20:00.000Z,2025-04-09 08:20:00-07:00
1744211100000,0.0,0.0,0,0,1,154,55.8,90,30.04,30.1141,218,196200,345,506700,,,55.8,52.91,2025-04-09,,2025-04-01T21:20:00.000Z,2025-04-09 08:05:00-07:00
1744210200000,0.0,0.0,0,0,1,154,53.8,93,30.03,30.1043,172,154800,173,310500,,,53.8,51.82,2025-04-09,,2025-04-01T21:20:00.000Z,2025-04-09 07:50:00-07:00
1744209300000,0.0,0.0,0,0,1,154,51.1,94,30.02,30.0947,119,107100,54,155700,,,51.1,49.43,2025-04-09,4.23,2025-04-01T21:20:00.000Z,2025-04-09 07:35:00-07:00
1744208400000,0.0,0.0,0,0,1,154,49.5,94,30.01,30.0849,30,27000,24,48600,,,49.5,47.85,2025-04-09,,2025-04-01T21:20:00.000Z,2025-04-09 07:20:00-07:00
1744207500000,0.0,0.0,0,0,1,154,49.6,93,30.0,30.0749,17,15300,7,21600,,,49.6,47.66,2025-04-09,,2025-04-01T21:20:00.000Z,2025-04-09 07:05:00-07:00
1744206600000,0.0,1.1185,0,0,1,154,49.6,94,30.0,30.0749,7,6300,0,6300,,,49.6,47.94,2025-04-09,,2025-04-01T21:20:00.000Z,2025-04-09 06:50:00-07:00
1744205700000,0.0,0.0,0,0,1,154,49.5,94,30.0,30.0749,0,0,0,0,,,49.5,47.85,2025-04-09,4.24,2025-04-01T21:20:00.000Z,2025-04-09 06:35:00-07:00
1744204800000,0.0,0.0,0,0,1,154,48.9,94,30.0,30.075,0,0,0,0,,,48.9,47.25,2025-04-09,,2025-04-01T21:20:00.000Z,2025-04-09 06:20:00-07:00
1744203900000,0.0,0.0,0,0,1,154,49.1,93,29.99,30.0649,0,0,0,0,,,49.1,47.16,2025-04-09,,2025-04-01T21:20:00.000Z,2025-04-09 06:05:00-07:00
1744203000000,0.0,1.1185,0,0,1,154,49.5,93,29.99,30.0649,0,0,0,0,,,49.5,47.56,2025-04-09,,2025-04-01T21:20:00.000Z,2025-04-09 05:50:00-07:00
1744202100000,0.0,0.0,0,0,1,154,49.6,93,29.99,30.0649,0,0,0,0,,,49.6,47.66,2025-04-09,4.24,2025-04-01T21:20:00.000Z,2025-04-09 05:35:00-07:00
1744201200000,0.0,0.0,0,0,1,154,48.9,94,29.98,30.0549,0,0,0,0,,,48.9,47.25,2025-04-09,,2025-04-01T21:20:00.000Z,2025-04-09 05:20:00-07:00
1744200300000,0.0,0.0,0,0,1,154,48.7,93,29.99,30.065,0,0,0,0,,,48.7,46.77,2025-04-09,,2025-04-01T21:20:00.000Z,2025-04-09 05:05:00-07:00
1744199400000,0.0,0.0,0,0,1,154,49.3,94,29.99,30.0649,0,0,0,0,,,49.3,47.65,2025-04-09,,2025-04-01T21:20:00.000Z,2025-04-09 04:50:00-07:00
1744198500000,0.0,0.0,0,0,1,154,49.1,93,29.99,30.0649,0,0,0,0,,,49.1,47.16,2025-04-09,4.25,2025-04-01T21:20:00.000Z,2025-04-09 04:35:00-07:00
1744197600000,0.0,0.0,0,0,1,154,49.3,93,29.99,30.0649,0,0,0,0,,,49.3,47.36,2025-04-09,,2025-04-01T21:20:00.000Z,2025-04-09 04:20:00-07:00
1744196700000,0.0,0.0,0,0,1,154,49.3,93,29.99,30.0649,0,0,0,0,,,49.3,47.36,2025-04-09,,2025-04-01T21:20:00.000Z,2025-04-09 04:05:00-07:00
1744195800000,0.0,0.0,0,0,1,154,49.6,93,29.99,30.0649,0,0,0,0,,,49.6,47.66,2025-04-09,,2025-04-01T21:20:00.000Z,2025-04-09 03:50:00-07:00
1744194900000,0.0,0.0,0,0,1,154,49.8,93,29.99,30.0648,0,0,0,0,,,49.8,47.86,2025-04-09,4.25,2025-04-01T21:20:00.000Z,2025-04-09 03:35:00-07:00
1744194000000,0.0,0.0,0,0,1,154,49.8,92,29.99,30.0648,0,0,0,0,,,49.8,47.57,2025-04-09,,2025-04-01T21:20:00.000Z,2025-04-09 03:20:00-07:00
1744193100000,0.0,0.0,0,0,1,154,50.4,92,29.99,30.0647,0,0,0,0,,,50.4,48.16,2025-04-09,,2025-04-01T21:20:00.000Z,2025-04-09 03:05:00-07:00
1744192200000,0.0,0.0,0,0,1,154,51.1,91,29.99,30.0646,0,0,0,0,,,51.1,48.56,2025-04-09,,2025-04-01T21:20:00.000Z,2025-04-09 02:50:00-07:00
1744191300000,0.0,0.0,0,0,1,154,51.3,91,29.99,30.0646,0,0,0,0,,,51.3,48.76,2025-04-09,4.26,2025-04-01T21:20:00.000Z,2025-04-09 02:35:00-07:00
1744190400000,0.0,0.0,0,0,1,154,50.9,91,29.99,30.0647,0,0,0,0,,,50.9,48.37,2025-04-09,,2025-04-01T21:20:00.000Z,2025-04-09 02:20:00-07:00
1744189500000,0.0,0.0,0,0,1,154,50.7,90,30.0,30.0747,0,0,0,0,,,50.7,47.87,2025-04-09,,2025-04-01T21:20:00.000Z,2025-04-09 02:05:00-07:00
1744188600000,0.0,0.0,0,0,1,154,51.1,90,30.0,30.0747,0,0,0,0,,,51.1,48.27,2025-04-09,,2025-04-01T21:20:00.000Z,2025-04-09 01:50:00-07:00
1744187700000,0.0,0.8948,0,0,1,154,51.6,90,30.0,30.0746,0,0,0,0,,,51.6,48.76,2025-04-09,4.27,2025-04-01T21:20:00.000Z,2025-04-09 01:35:00-07:00
1744186800000,0.0,0.0,0,0,1,154,51.8,89,30.0,30.0746,0,0,0,0,,,51.8,48.66,2025-04-09,,2025-04-01T21:20:00.000Z,2025-04-09 01:20:00-07:00
1744185900000,0.0,0.0,0,0,1,154,52.9,90,29.99,30.0644,0,0,0,0,,,52.9,50.05,2025-04-09,,2025-04-01T21:20:00.000Z,2025-04-09 01:05:00-07:00
1744185000000,0.0,0.0,0,0,1,154,52.7,90,29.99,30.0644,0,0,0,0,,,52.7,49.85,2025-04-09,,2025-04-01T21:20:00.000Z,2025-04-09 00:50:00-07:00
1744184100000,0.0,0.0,0,0,1,154,52.7,89,29.99,30.0644,0,0,0,0,,,52.7,49.55,2025-04-09,4.28,2025-04-01T21:20:00.000Z,2025-04-09 00:35:00-07:00
1744183200000,0.0,0.0,0,0,1,154,53.8,88,29.99,30.0643,0,0,0,0,,,53.8,50.33,2025-04-09,,2025-04-01T21:20:00.000Z,2025-04-09 00:20:00-07:00
1744182300000,0.0,0.0,0,0,1,154,54.3,89,29.99,30.0642,0,0,0,0,,,54.3,51.13,2025-04-09,,2025-04-01T21:20:00.000Z,2025-04-09 00:05:00-07:00
