dateutc,windspeedmph,windgustmph,hourlyrainin,dailyrainin,trustdevicetime,winddir,tempf,humidity,batt1volts,baromabsin,baromrelin,solarradiation,sis,sds,solarradday,feelsLike,dewPoint,lastRain,date,local_time
1742367000000,0.2237,4.4739,0,0,1,144,47.7,72,4.28,30.24,30.3158,0,0,23152,20836800,47.7,39.12,2025-03-17T20:19:00.000Z,2025-03-18,2025-03-18 23:50:00-07:00
1742366100000,0.4474,1.7895,0,0,1,144,48.4,68,,30.24,30.3157,0,0,23152,20836800,48.4,38.33,2025-03-17T20:19:00.000Z,2025-03-18,2025-03-18 23:35:00-07:00
1742365200000,0.2237,4.0265,0,0,1,173,49.5,65,,30.25,30.3255,0,0,23152,20836800,49.5,38.23,2025-03-17T20:19:00.000Z,2025-03-18,2025-03-18 23:20:00-07:00
1742364240000,0.0,0.0,0,0,1,275,50.2,66,,30.25,30.3254,0,0,23152,20836800,50.2,39.29,2025-03-17T20:19:00.000Z,2025-03-18,2025-03-18 23:04:00-07:00
1742363340000,0.0,0.0,0,0,1,275,50.0,70,4.29,30.26,30.3355,0,0,23152,20836800,50.0,40.61,2025-03-17T20:19:00.000Z,2025-03-18,2025-03-18 22:49:00-07:00
1742362440000,0.0,1.5659,0,0,1,275,50.2,71,,30.26,30.3354,0,0,23152,20836800,50.2,41.16,2025-03-17T20:19:00.000Z,2025-03-18,2025-03-18 22:34:00-07:00
1742361600000,1.3422,6.2634,0,0,1,277,50.0,71,,30.26,30.3355,0,0,23152,20836800,50.0,40.97,2025-03-17T20:19:00.000Z,2025-03-18,2025-03-18 22:20:00-07:00
1742360700000,0.2237,2.4606,0,0,1,297,49.8,71,,30.26,30.3355,0,0,23152,20836800,49.8,40.78,2025-03-17T20:19:00.000Z,2025-03-18,2025-03-18 22:05:00-07:00
1742359740000,0.2237,2.908,0,0,1,297,50.9,68,4.3,30.25,30.3253,0,0,23152,20836800,50.9,40.72,2025-03-17T20:19:00.000Z,2025-03-18,2025-03-18 21:49:00-07:00
1742358900000,0.4474,3.8028,0,0,1,294,51.3,67,,30.25,30.3253,0,0,23152,20836800,51.3,40.72,2025-03-17T20:19:00.000Z,2025-03-18,2025-03-18 21:35:00-07:00
1742357940000,0.2237,3.1317,0,0,1,288,51.8,68,,30.25,30.3252,0,0,23152,20836800,51.8,41.58,2025-03-17T20:19:00.000Z,2025-03-18,2025-03-18 21:19:00-07:00
1742357040000,0.2237,2.908,0,0,1,288,51.8,67,,30.25,30.3252,0,0,23152,20836800,51.8,41.2,2025-03-17T20:19:00.000Z,2025-03-18,2025-03-18 21:04:00-07:00
1742356140000,0.0,0.0,0,0,1,288,53.2,65,4.31,30.25,30.325,0,0,23152,20836800,53.2,41.74,2025-03-17T20:19:00.000Z,2025-03-18,2025-03-18 20:49:00-07:00
1742355240000,2.0132,5.3686,0,0,1,278,54.5,63,,30.25,30.3248,0,0,23152,20836800,54.5,42.16,2025-03-17T20:19:00.000Z,2025-03-18,2025-03-18 20:34:00-07:00
1742354340000,2.4606,5.145,0,0,1,184,54.9,63,,30.24,30.3147,0,0,23152,20836800,54.9,42.54,2025-03-17T20:19:00.000Z,2025-03-18,2025-03-18 20:19:00-07:00
1742353440000,3.1317,6.2634,0,0,1,269,55.9,57,,30.24,30.3146,0,0,23152,20836800,55.9,40.89,2025-03-17T20:19:00.000Z,2025-03-18,2025-03-18 20:04:00-07:00
1742352540000,0.0,0.0,0,0,1,273,55.9,61,4.33,30.24,30.3146,0,0,23152,20836800,55.9,42.65,2025-03-17T20:19:00.000Z,2025-03-18,2025-03-18 19:49:00-07:00
1742351640000,0.4474,2.908,0,0,1,273,57.7,57,,30.23,30.3043,0,0,23152,20836800,57.7,42.57,2025-03-17T20:19:00.000Z,2025-03-18,2025-03-18 19:34:00-07:00
1742350740000,0.6711,6.7108,0,0,1,271,59.5,53,,30.22,30.294,2,1800,23150,20836800,59.5,42.35,2025-03-17T20:19:00.000Z,2025-03-18,2025-03-18 19:19:00-07:00
1742349900000,2.0132,7.3819,0,0,1,306,61.9,48,,30.22,30.2937,18,16200,23132,20835000,61.9,41.99,2025-03-17T20:19:00.000Z,2025-03-18,2025-03-18 19:05:00-07:00
1742348940000,2.0132,5.145,0,0,1,336,64.0,41,4.34,30.21,30.2833,46,41400,23086,20818800,64.0,39.82,2025-03-17T20:19:00.000Z,2025-03-18,2025-03-18 18:49:00-07:00
1742348040000,2.4606,6.0397,0,0,1,324,65.1,42,,30.2,30.2732,81,72900,23005,20777400,65.1,41.43,2025-03-17T20:19:00.000Z,2025-03-18,2025-03-18 18:34:00-07:00
1742347140000,3.1317,6.7108,0,0,1,349,66.4,42,,30.2,30.273,123,110700,22882,20704500,66.4,42.6,2025-03-17T20:19:00.000Z,2025-03-18,2025-03-18 18:19:00-07:00
1742346300000,2.4606,6.2634,0,0,1,341,67.1,38,,30.19,30.2629,168,151200,22714,20593800,67.1,40.64,2025-03-17T20:19:00.000Z,2025-03-18,2025-03-18 18:05:00-07:00
1742345340000,2.4606,6.0397,0,0,1,340,66.0,44,4.39,30.19,30.263,215,193500,22499,20442600,66.0,43.46,2025-03-17T20:19:00.000Z,2025-03-18,2025-03-18 17:49:00-07:00
1742344500000,4.2502,17.6718,0,0,1,304,64.6,48,,30.19,30.2632,264,237600,22235,20249100,64.6,44.46,2025-03-17T20:19:00.000Z,2025-03-18,2025-03-18 17:35:00-07:00
1742343540000,7.8293,15.4349,0,0,1,277,64.4,49,,30.19,30.2632,313,281700,21922,20011500,64.4,44.82,2025-03-17T20:19:00.000Z,2025-03-18,2025-03-18 17:19:00-07:00
1742342640000,6.2634,12.7505,0,0,1,276,63.9,50,,30.2,30.2733,361,324900,21561,19729800,63.9,44.89,2025-03-17T20:19:00.000Z,2025-03-18,2025-03-18 17:04:00-07:00
1742341800000,6.0397,12.0795,0,0,1,238,63.0,54,4.39,30.2,30.2735,408,367200,21153,19404900,63.0,46.09,2025-03-17T20:19:00.000Z,2025-03-18,2025-03-18 16:50:00-07:00
1742340840000,4.2502,9.1714,0,0,1,225,62.1,59,,30.21,30.2836,454,408600,20699,19037700,62.1,47.6,2025-03-17T20:19:00.000Z,2025-03-18,2025-03-18 16:34:00-07:00
1742339940000,6.2634,9.6188,0,0,1,231,61.5,60,,30.21,30.2837,500,450000,20199,18629100,61.5,47.48,2025-03-17T20:19:00.000Z,2025-03-18,2025-03-18 16:19:00-07:00
1742339040000,6.0397,11.1847,0,0,1,247,62.4,57,,30.21,30.2836,544,489600,19655,18179100,62.4,46.96,2025-03-17T20:19:00.000Z,2025-03-18,2025-03-18 16:04:00-07:00
1742338140000,5.816,10.0662,0,0,1,231,61.7,61,4.39,30.21,30.2837,585,526500,19070,17689500,61.7,48.11,2025-03-17T20:19:00.000Z,2025-03-18,2025-03-18 15:49:00-07:00
1742337240000,3.5791,6.4871,0,0,1,199,62.4,56,,30.22,30.2936,624,561600,18446,17163000,62.4,46.49,2025-03-17T20:19:00.000Z,2025-03-18,2025-03-18 15:34:00-07:00
1742336340000,4.0265,6.9345,0,0,1,202,62.2,57,,30.22,30.2936,659,593100,17787,16601400,62.2,46.78,2025-03-17T20:19:00.000Z,2025-03-18,2025-03-18 15:19:00-07:00
1742335440000,3.8028,7.3819,0,0,1,205,62.4,55,,30.22,30.2936,691,621900,17096,16008300,62.4,46.02,2025-03-17T20:19:00.000Z,2025-03-18,2025-03-18 15:04:00-07:00
1742334540000,2.6843,5.816,0,0,1,204,61.9,59,4.39,30.23,30.3037,719,647100,16377,15386400,61.9,47.41,2025-03-17T20:19:00.000Z,2025-03-18,2025-03-18 14:49:00-07:00
1742333640000,4.6976,10.0662,0,0,1,161,60.6,63,,30.24,30.3139,741,666900,15636,14739300,60.6,47.93,2025-03-17T20:19:00.000Z,2025-03-18,2025-03-18 14:34:00-07:00
1742332740000,3.8028,8.053,0,0,1,187,61.3,61,,30.24,30.3138,761,684900,14875,14072400,61.3,47.73,2025-03-17T20:19:00.000Z,2025-03-18,2025-03-18 14:19:00-07:00
1742331900000,4.6976,11.1847,0,0,1,155,60.8,63,,30.25,30.3239,777,699300,14098,13387500,60.8,48.12,2025-03-17T20:19:00.000Z,2025-03-18,2025-03-18 14:05:00-07:00
1742330940000,6.7108,13.4216,0,0,1,184,61.2,63,4.4,30.26,30.3339,791,711900,13307,12688200,61.2,48.5,2025-03-17T20:19:00.000Z,2025-03-18,2025-03-18 13:49:00-07:00
1742330100000,5.5923,11.4084,0,0,1,232,61.5,60,,30.26,30.3338,801,720900,12506,11976300,61.5,47.48,2025-03-17T20:19:00.000Z,2025-03-18,2025-03-18 13:35:00-07:00
1742329140000,5.145,10.0662,0,0,1,189,61.0,64,,30.27,30.3439,806,725400,11700,11255400,61.0,48.73,2025-03-17T20:19:00.000Z,2025-03-18,2025-03-18 13:19:00-07:00
1742328300000,5.5923,8.7241,0,0,1,231,61.7,57,,30.27,30.3438,808,727200,10892,10530000,61.7,46.31,2025-03-17T20:19:00.000Z,2025-03-18,2025-03-18 13:05:00-07:00
1742327340000,3.5791,8.5004,0,0,1,194,61.2,58,4.4,30.27,30.3439,804,723600,10088,9802800,61.2,46.3,2025-03-17T20:19:00.000Z,2025-03-18,2025-03-18 12:49:00-07:00
1742326440000,6.7108,11.6321,0,0,1,208,61.3,56,,30.27,30.3439,797,717300,9291,9079200,61.3,45.47,2025-03-17T20:19:00.000Z,2025-03-18,2025-03-18 12:34:00-07:00
1742325600000,7.8293,14.3164,0,0,1,262,62.1,54,,30.27,30.3438,787,708300,8504,8361900,62.1,45.25,2025-03-17T20:19:00.000Z,2025-03-18,2025-03-18 12:20:00-07:00
1742324700000,10.0662,15.8822,0,0,1,267,61.2,57,,30.27,30.3439,771,693900,7733,7653600,61.2,45.84,2025-03-17T20:19:00.000Z,2025-03-18,2025-03-18 12:05:00-07:00
1742323740000,8.7241,14.9875,0,0,1,268,61.5,55,4.43,30.27,30.3438,752,676800,6981,6959700,61.5,45.18,2025-03-17T20:19:00.000Z,2025-03-18,2025-03-18 11:49:00-07:00
1742322840000,9.8425,17.8955,0,0,1,272,61.2,53,,30.27,30.3439,731,657900,6250,6282900,61.2,43.93,2025-03-17T20:19:00.000Z,2025-03-18,2025-03-18 11:34:00-07:00
1742322000000,9.3951,16.1059,0,0,1,271,60.3,54,,30.27,30.344,706,635400,5544,5625000,60.3,43.58,2025-03-17T20:19:00.000Z,2025-03-18,2025-03-18 11:20:00-07:00
1742321040000,9.3951,14.3164,0,0,1,268,59.9,55,,30.27,30.3441,678,610200,4866,4989600,59.9,43.69,2025-03-17T20:19:00.000Z,2025-03-18,2025-03-18 11:04:00-07:00
1742320140000,8.9477,14.9875,0,0,1,278,58.8,55,4.54,30.27,30.3442,644,579600,4222,4379400,58.8,42.67,2025-03-17T20:19:00.000Z,2025-03-18,2025-03-18 10:49:00-07:00
1742319240000,8.2767,12.9742,0,0,1,272,58.6,54,,30.27,30.3442,606,545400,3616,3799800,58.6,42.01,2025-03-17T20:19:00.000Z,2025-03-18,2025-03-18 10:34:00-07:00
1742318340000,7.8293,13.1979,0,0,1,276,58.3,56,,30.26,30.3343,567,510300,3049,3254400,58.3,42.67,2025-03-17T20:19:00.000Z,2025-03-18,2025-03-18 10:19:00-07:00
1742317500000,8.2767,13.1979,0,0,1,275,57.2,57,,30.26,30.3344,526,473400,2523,2744100,57.2,42.11,2025-03-17T20:19:00.000Z,2025-03-18,2025-03-18 10:05:00-07:00
1742316600000,7.8293,14.0927,0,0,1,280,56.7,57,4.65,30.26,30.3345,480,432000,2043,2270700,56.7,41.64,2025-03-17T20:19:00.000Z,2025-03-18,2025-03-18 09:50:00-07:00
1742315700000,6.7108,16.1059,0,0,1,280,55.4,60,,30.26,30.3347,432,388800,1611,1838700,55.4,41.75,2025-03-17T20:19:00.000Z,2025-03-18,2025-03-18 09:35:00-07:00
1742314740000,8.5004,13.1979,0,0,1,274,54.3,63,,30.25,30.3248,383,344700,1228,1449900,54.3,41.98,2025-03-17T20:19:00.000Z,2025-03-18,2025-03-18 09:19:00-07:00
1742313840000,7.6056,13.4216,0,0,1,279,53.6,63,,30.24,30.3149,331,297900,897,1105200,53.6,41.31,2025-03-17T20:19:00.000Z,2025-03-18,2025-03-18 09:04:00-07:00
1742313000000,5.816,13.6453,0,0,1,268,52.9,64,4.38,30.24,30.315,280,252000,617,807300,52.9,41.06,2025-03-17T20:19:00.000Z,2025-03-18,2025-03-18 08:50:00-07:00
1742312100000,3.8028,7.8293,0,0,1,263,52.3,65,,30.24,30.3151,230,207000,387,555300,52.3,40.89,2025-03-17T20:19:00.000Z,2025-03-18,2025-03-18 08:35:00-07:00
1742311140000,2.4606,7.3819,0,0,1,261,51.6,66,,30.23,30.3052,179,161100,208,348300,51.6,40.62,2025-03-17T20:19:00.000Z,2025-03-18,2025-03-18 08:19:00-07:00
1742310300000,1.7895,6.2634,0,0,1,260,50.5,67,,30.22,30.2953,130,117000,78,187200,50.5,39.96,2025-03-17T20:19:00.000Z,2025-03-18,2025-03-18 08:05:00-07:00
1742309340000,1.7895,7.1582,0,0,1,274,49.6,68,4.23,30.22,30.2954,52,46800,26,70200,49.6,39.48,2025-03-17T20:19:00.000Z,2025-03-18,2025-03-18 07:49:00-07:00
1742308440000,3.1317,10.0662,0,0,1,299,49.8,67,,30.21,30.2854,17,15300,9,23400,49.33,39.29,2025-03-17T20:19:00.000Z,2025-03-18,2025-03-18 07:34:00-07:00
1742307540000,1.7895,10.7373,0,0,1,287,49.5,67,,30.21,30.2854,8,7200,1,8100,49.5,39.0,2025-03-17T20:19:00.000Z,2025-03-18,2025-03-18 07:19:00-07:00
1742306640000,1.3422,8.2767,0,0,1,178,49.3,68,,30.2,30.2754,1,900,0,900,49.3,39.19,2025-03-17T20:19:00.000Z,2025-03-18,2025-03-18 07:04:00-07:00
1742305740000,1.3422,5.5923,0,0,1,11,49.6,67,4.24,30.2,30.2754,0,0,0,0,49.6,39.1,2025-03-17T20:19:00.000Z,2025-03-18,2025-03-18 06:49:00-07:00
1742304840000,1.1185,4.0265,0,0,1,20,50.5,65,,30.19,30.2652,0,0,0,0,50.5,39.18,2025-03-17T20:19:00.000Z,2025-03-18,2025-03-18 06:34:00-07:00
1742303940000,2.6843,8.2767,0,0,1,340,51.1,62,,30.19,30.2651,0,0,0,0,51.1,38.54,2025-03-17T20:19:00.000Z,2025-03-18,2025-03-18 06:19:00-07:00
1742303040000,2.4606,7.1582,0,0,1,332,51.4,61,,30.19,30.2651,0,0,0,0,51.4,38.41,2025-03-17T20:19:00.000Z,2025-03-18,2025-03-18 06:04:00-07:00
1742302140000,3.8028,11.6321,0,0,1,286,51.8,60,4.25,30.19,30.265,0,0,0,0,51.8,38.36,2025-03-17T20:19:00.000Z,2025-03-18,2025-03-18 05:49:00-07:00
1742301240000,7.8293,18.5666,0,0,1,285,51.4,64,,30.2,30.2751,0,0,0,0,51.4,39.64,2025-03-17T20:19:00.000Z,2025-03-18,2025-03-18 05:34:00-07:00
1742300340000,9.6188,21.2509,0,0,1,283,51.1,68,,30.2,30.2752,0,0,0,0,51.1,40.91,2025-03-17T20:19:00.000Z,2025-03-18,2025-03-18 05:19:00-07:00
1742299440000,13.1979,23.0404,0,0,1,280,50.7,71,,30.2,30.2752,0,0,0,0,50.7,41.64,2025-03-17T20:19:00.000Z,2025-03-18,2025-03-18 05:04:00-07:00
1742298600000,12.5268,21.922,0,0,1,282,50.7,72,4.25,30.21,30.2852,0,0,0,0,50.7,42.01,2025-03-17T20:19:00.000Z,2025-03-18,2025-03-18 04:50:00-07:00
1742297640000,11.6321,24.83,0,0,1,283,50.7,72,,30.21,30.2852,0,0,0,0,50.7,42.01,2025-03-17T20:19:00.000Z,2025-03-18,2025-03-18 04:34:00-07:00
1742296740000,11.1847,20.3561,0,0,1,284,50.9,71,,30.21,30.2852,0,0,0,0,50.9,41.84,2025-03-17T20:19:00.000Z,2025-03-18,2025-03-18 04:19:00-07:00
1742295840000,12.7505,21.922,0,0,1,282,50.9,71,,30.2,30.2752,0,0,0,0,50.9,41.84,2025-03-17T20:19:00.000Z,2025-03-18,2025-03-18 04:04:00-07:00
1742295000000,12.0795,25.0537,0,0,1,283,51.1,70,4.25,30.21,30.2852,0,0,0,0,51.1,41.66,2025-03-17T20:19:00.000Z,2025-03-18,2025-03-18 03:50:00-07:00
1742294040000,12.9742,22.8168,0,0,1,282,51.1,70,,30.2,30.2752,0,0,0,0,51.1,41.66,2025-03-17T20:19:00.000Z,2025-03-18,2025-03-18 03:34:00-07:00
1742293140000,11.4084,22.1457,0,0,1,284,51.3,69,,30.21,30.2852,0,0,0,0,51.3,41.48,2025-03-17T20:19:00.000Z,2025-03-18,2025-03-18 03:19:00-07:00
1742292300000,9.8425,19.014,0,0,1,280,51.1,69,,30.21,30.2852,0,0,0,0,51.1,41.29,2025-03-17T20:19:00.000Z,2025-03-18,2025-03-18 03:05:00-07:00
1742291340000,10.2899,20.5798,0,0,1,282,51.3,70,4.25,30.21,30.2852,0,0,0,0,51.3,41.85,2025-03-17T20:19:00.000Z,2025-03-18,2025-03-18 02:49:00-07:00
1742290440000,11.1847,25.7248,0,0,1,281,51.3,70,,30.2,30.2751,0,0,0,0,51.3,41.85,2025-03-17T20:19:00.000Z,2025-03-18,2025-03-18 02:34:00-07:00
1742289540000,11.1847,23.4878,0,0,1,283,51.6,68,,30.2,30.2751,0,0,0,0,51.6,41.39,2025-03-17T20:19:00.000Z,2025-03-18,2025-03-18 02:19:00-07:00
1742288640000,12.9742,24.1589,0,0,1,280,51.8,68,,30.19,30.265,0,0,0,0,51.8,41.58,2025-03-17T20:19:00.000Z,2025-03-18,2025-03-18 02:04:00-07:00
1742287740000,11.4084,23.0404,0,0,1,283,51.6,70,4.27,30.19,30.2651,0,0,0,0,51.6,42.14,2025-03-17T20:19:00.000Z,2025-03-18,2025-03-18 01:49:00-07:00
1742286840000,11.6321,23.0404,0,0,1,280,51.8,70,,30.19,30.265,0,0,0,0,51.8,42.33,2025-03-17T20:19:00.000Z,2025-03-18,2025-03-18 01:34:00-07:00
1742285940000,11.4084,20.5798,0,0,1,282,51.8,69,,30.19,30.265,0,0,0,0,51.8,41.96,2025-03-17T20:19:00.000Z,2025-03-18,2025-03-18 01:19:00-07:00
1742285040000,10.961,24.6063,0,0,1,282,51.8,71,,30.19,30.265,0,0,0,0,51.8,42.7,2025-03-17T20:19:00.000Z,2025-03-18,2025-03-18 01:04:00-07:00
1742284200000,11.1847,21.2509,0,0,1,284,51.8,72,4.28,30.18,30.255,0,0,0,0,51.8,43.06,2025-03-17T20:19:00.000Z,2025-03-18,2025-03-18 00:50:00-07:00
1742283240000,11.1847,22.3694,0,0,1,284,51.8,72,,30.18,30.255,0,0,0,0,51.8,43.06,2025-03-17T20:19:00.000Z,2025-03-18,2025-03-18 00:34:00-07:00
1742282340000,12.0795,21.4746,0,0,1,282,52.2,70,,30.18,30.255,0,0,0,0,52.2,42.71,2025-03-17T20:19:00.000Z,2025-03-18,2025-03-18 00:19:00-07:00
1742281440000,10.0662,22.5931,0,0,1,284,52.2,68,,30.18,30.255,0,0,0,0,52.2,41.96,2025-03-17T20:19:00.000Z,2025-03-18,2025-03-18 00:04:00-07:00
