dateutc,windspeedmph,windgustmph,hourlyrainin,dailyrainin,trustdevicetime,winddir,tempf,humidity,baromabsin,baromrelin,solarradiation,sis,sds,solarradday,feelsLike,dewPoint,lastRain,date,batt1volts,local_time
1744699800000,0.0,0.0,0,0,1,277,53.1,89,30.0,30.0744,0,0,8637,7773300,53.1,49.94,2025-04-01T21:20:00.000Z,2025-04-14,,2025-04-14 23:50:00-07:00
1744698900000,0.0,0.0,0,0,1,277,52.9,88,29.99,30.0644,0,0,8637,7773300,52.9,49.44,2025-04-01T21:20:00.000Z,2025-04-14,4.29,2025-04-14 23:35:00-07:00
1744698000000,0.0,0.0,0,0,1,277,52.9,88,29.99,30.0644,0,0,8637,7773300,52.9,49.44,2025-04-01T21:20:00.000Z,2025-04-14,,2025-04-14 23:20:00-07:00
1744697100000,0.0,0.0,0,0,1,277,53.1,87,29.99,30.0644,0,0,8637,7773300,53.1,49.33,2025-04-01T21:20:00.000Z,2025-04-14,,2025-04-14 23:05:00-07:00
1744696200000,0.0,0.0,0,0,1,277,53.4,86,29.99,30.0643,0,0,8637,7773300,53.4,49.32,2025-04-01T21:20:00.000Z,2025-04-14,,2025-04-14 22:50:00-07:00
1744695300000,0.2237,2.4606,0,0,1,277,54.0,85,29.99,30.0642,0,0,8637,7773300,54.0,49.59,2025-04-01T21:20:00.000Z,2025-04-14,4.3,2025-04-14 22:35:00-07:00
1744694400000,0.0,2.0132,0,0,1,277,53.8,86,29.99,30.0643,0,0,8637,7773300,53.8,49.71,2025-04-01T21:20:00.000Z,2025-04-14,,2025-04-14 22:20:00-07:00
1744693500000,0.2237,2.0132,0,0,1,277,53.6,87,29.99,30.0643,0,0,8637,7773300,53.6,49.82,2025-04-01T21:20:00.000Z,2025-04-14,,2025-04-14 22:05:00-07:00
1744692600000,0.0,2.2369,0,0,1,277,53.6,87,29.99,30.0643,0,0,8637,7773300,53.6,49.82,2025-04-01T21:20:00.000Z,2025-04-14,,2025-04-14 21:50:00-07:00
1744691700000,0.0,0.0,0,0,1,277,53.8,88,29.99,30.0643,0,0,8637,7773300,53.8,50.33,2025-04-01T21:20:00.000Z,2025-04-14,4.3,2025-04-14 21:35:00-07:00
1744690800000,0.8948,4.2502,0,0,1,277,53.6,89,29.99,30.0643,0,0,8637,7773300,53.6,50.44,2025-04-01T21:20:00.000Z,2025-04-14,,2025-04-14 21:20:00-07:00
1744689900000,0.4474,2.908,0,0,1,277,53.6,89,29.99,30.0643,0,0,8637,7773300,53.6,50.44,2025-04-01T21:20:00.000Z,2025-04-14,,2025-04-14 21:05:00-07:00
1744689000000,1.3422,4.9213,0,0,1,277,53.4,89,29.98,30.0543,0,0,8637,7773300,53.4,50.24,2025-04-01T21:20:00.000Z,2025-04-14,,2025-04-14 20:50:00-07:00
1744688100000,2.2369,5.816,0,0,1,277,53.2,89,29.98,30.0543,0,0,8637,7773300,53.2,50.04,2025-04-01T21:20:00.000Z,2025-04-14,4.31,2025-04-14 20:35:00-07:00
1744687200000,3.8028,6.4871,0,0,1,262,53.1,90,29.97,30.0443,0,0,8637,7773300,53.1,50.24,2025-04-01T21:20:00.000Z,2025-04-14,,2025-04-14 20:20:00-07:00
1744686300000,2.4606,5.5923,0,0,1,248,52.9,90,29.97,30.0443,0,0,8637,7773300,52.9,50.05,2025-04-01T21:20:00.000Z,2025-04-14,,2025-04-14 20:05:00-07:00
1744685400000,2.2369,4.0265,0,0,1,232,53.4,89,29.97,30.0443,0,0,8637,7773300,53.4,50.24,2025-04-01T21:20:00.000Z,2025-04-14,,2025-04-14 19:50:00-07:00
1744684500000,2.908,6.0397,0,0,1,234,54.5,86,29.97,30.0441,3,2700,8634,7773300,54.5,50.4,2025-04-01T21:20:00.000Z,2025-04-14,4.31,2025-04-14 19:35:00-07:00
1744683600000,0.0,1.5659,0,0,1,267,56.3,81,29.97,30.0438,14,12600,8620,7770600,56.3,50.54,2025-04-01T21:20:00.000Z,2025-04-14,,2025-04-14 19:20:00-07:00
1744682700000,0.0,0.0,0,0,1,267,57.0,80,29.97,30.0437,48,43200,8572,7758000,57.0,50.89,2025-04-01T21:20:00.000Z,2025-04-14,,2025-04-14 19:05:00-07:00
1744681800000,0.4474,4.6976,0,0,1,267,56.5,83,29.98,30.0538,86,77400,8486,7714800,56.5,51.4,2025-04-01T21:20:00.000Z,2025-04-14,,2025-04-14 18:50:00-07:00
1744680900000,2.908,6.4871,0,0,1,270,56.1,84,29.99,30.0639,77,69300,8409,7637400,56.1,51.33,2025-04-01T21:20:00.000Z,2025-04-14,4.33,2025-04-14 18:35:00-07:00
1744680000000,3.8028,7.3819,0,0,1,280,55.9,84,29.99,30.0639,87,78300,8322,7568100,55.9,51.14,2025-04-01T21:20:00.000Z,2025-04-14,,2025-04-14 18:20:00-07:00
1744679100000,4.2502,8.2767,0,0,1,270,56.1,84,29.99,30.0639,90,81000,8232,7489800,56.1,51.33,2025-04-01T21:20:00.000Z,2025-04-14,,2025-04-14 18:05:00-07:00
1744678200000,5.5923,8.5004,0,0,1,266,56.5,84,29.99,30.0639,112,100800,8120,7408800,56.5,51.72,2025-04-01T21:20:00.000Z,2025-04-14,,2025-04-14 17:50:00-07:00
1744677300000,5.3686,8.5004,0,0,1,259,56.8,84,29.99,30.0638,141,126900,7979,7308000,56.8,52.02,2025-04-01T21:20:00.000Z,2025-04-14,4.39,2025-04-14 17:35:00-07:00
1744676400000,6.2634,9.6188,0,0,1,248,56.8,83,29.99,30.0638,162,145800,7817,7181100,56.8,51.69,2025-04-01T21:20:00.000Z,2025-04-14,,2025-04-14 17:20:00-07:00
1744675500000,5.145,7.8293,0,0,1,247,57.0,83,29.99,30.0638,203,182700,7614,7035300,57.0,51.89,2025-04-01T21:20:00.000Z,2025-04-14,,2025-04-14 17:05:00-07:00
1744674600000,4.6976,7.3819,0,0,1,251,57.0,83,29.99,30.0638,210,189000,7404,6852600,57.0,51.89,2025-04-01T21:20:00.000Z,2025-04-14,,2025-04-14 16:50:00-07:00
1744673700000,4.4739,6.4871,0,0,1,241,56.7,83,29.99,30.0638,213,191700,7191,6663600,56.7,51.59,2025-04-01T21:20:00.000Z,2025-04-14,4.37,2025-04-14 16:35:00-07:00
1744672800000,4.2502,6.2634,0,0,1,245,56.7,82,29.98,30.0538,123,110700,7068,6471900,56.7,51.27,2025-04-01T21:20:00.000Z,2025-04-14,,2025-04-14 16:20:00-07:00
1744671900000,4.0265,6.2634,0,0,1,244,57.4,81,29.98,30.0537,265,238500,6803,6361200,57.4,51.62,2025-04-01T21:20:00.000Z,2025-04-14,,2025-04-14 16:05:00-07:00
1744671000000,4.2502,6.4871,0,0,1,243,57.7,79,29.99,30.0637,277,249300,6526,6122700,57.7,51.23,2025-04-01T21:20:00.000Z,2025-04-14,,2025-04-14 15:50:00-07:00
1744670100000,2.4606,4.6976,0,0,1,250,58.3,79,29.99,30.0636,321,288900,6205,5873400,58.3,51.81,2025-04-01T21:20:00.000Z,2025-04-14,4.45,2025-04-14 15:35:00-07:00
1744669200000,2.6843,5.816,0,0,1,254,57.6,80,30.0,30.0737,289,260100,5916,5584500,57.6,51.47,2025-04-01T21:20:00.000Z,2025-04-14,,2025-04-14 15:20:00-07:00
1744668300000,2.908,5.5923,0,0,1,260,57.2,82,30.0,30.0738,280,252000,5636,5324400,57.2,51.75,2025-04-01T21:20:00.000Z,2025-04-14,,2025-04-14 15:05:00-07:00
1744667400000,3.3554,6.4871,0,0,1,243,57.0,82,30.0,30.0738,233,209700,5403,5072400,57.0,51.56,2025-04-01T21:20:00.000Z,2025-04-14,,2025-04-14 14:50:00-07:00
1744666500000,2.4606,6.0397,0,0,1,237,57.0,82,30.0,30.0738,224,201600,5179,4862700,57.0,51.56,2025-04-01T21:20:00.000Z,2025-04-14,4.52,2025-04-14 14:35:00-07:00
1744665600000,0.4474,5.145,0,0,1,137,56.8,81,30.0,30.0738,245,220500,4934,4661100,56.8,51.03,2025-04-01T21:20:00.000Z,2025-04-14,,2025-04-14 14:20:00-07:00
1744664700000,1.7895,5.145,0,0,1,186,56.1,82,29.99,30.0639,239,215100,4695,4440600,56.1,50.68,2025-04-01T21:20:00.000Z,2025-04-14,,2025-04-14 14:05:00-07:00
1744663800000,2.0132,4.2502,0,0,1,193,55.6,84,29.99,30.064,221,198900,4474,4225500,55.6,50.84,2025-04-01T21:20:00.000Z,2025-04-14,,2025-04-14 13:50:00-07:00
1744662900000,2.908,4.6976,0,0,1,193,55.0,85,29.99,30.0641,221,198900,4253,4026600,55.0,50.57,2025-04-01T21:20:00.000Z,2025-04-14,4.48,2025-04-14 13:35:00-07:00
1744662000000,4.2502,6.9345,0,0,1,195,55.0,86,29.99,30.0641,237,213300,4016,3827700,55.0,50.89,2025-04-01T21:20:00.000Z,2025-04-14,,2025-04-14 13:20:00-07:00
1744661100000,4.6976,7.8293,0,0,1,182,55.4,85,29.98,30.054,254,228600,3762,3614400,55.4,50.97,2025-04-01T21:20:00.000Z,2025-04-14,,2025-04-14 13:05:00-07:00
1744660200000,3.8028,7.3819,0,0,1,168,55.6,84,29.98,30.054,236,212400,3526,3385800,55.6,50.84,2025-04-01T21:20:00.000Z,2025-04-14,,2025-04-14 12:50:00-07:00
1744659300000,3.5791,5.816,0,0,1,169,55.6,85,29.98,30.054,262,235800,3264,3173400,55.6,51.16,2025-04-01T21:20:00.000Z,2025-04-14,4.49,2025-04-14 12:35:00-07:00
1744658400000,3.1317,5.3686,0,0,1,169,55.4,85,29.99,30.064,280,252000,2984,2937600,55.4,50.97,2025-04-01T21:20:00.000Z,2025-04-14,,2025-04-14 12:20:00-07:00
1744657500000,3.1317,6.9345,0,0,1,169,54.9,87,29.99,30.0641,266,239400,2718,2685600,54.9,51.1,2025-04-01T21:20:00.000Z,2025-04-14,,2025-04-14 12:05:00-07:00
1744656600000,4.0265,7.1582,0,0,1,195,54.3,88,30.0,30.0742,259,233100,2459,2446200,54.3,50.82,2025-04-01T21:20:00.000Z,2025-04-14,,2025-04-14 11:50:00-07:00
1744655700000,4.0265,6.2634,0,0,1,191,54.1,89,30.0,30.0742,280,252000,2179,2213100,54.1,50.93,2025-04-01T21:20:00.000Z,2025-04-14,4.47,2025-04-14 11:35:00-07:00
1744654800000,3.3554,6.4871,0,0,1,174,54.0,90,30.0,30.0742,250,225000,1929,1961100,54.0,51.13,2025-04-01T21:20:00.000Z,2025-04-14,,2025-04-14 11:20:00-07:00
1744653900000,3.3554,5.816,0,0,1,192,53.8,90,30.0,30.0743,245,220500,1684,1736100,53.8,50.94,2025-04-01T21:20:00.000Z,2025-04-14,,2025-04-14 11:05:00-07:00
1744653000000,3.5791,6.0397,0,0,1,188,53.8,91,30.0,30.0743,246,221400,1438,1515600,53.8,51.23,2025-04-01T21:20:00.000Z,2025-04-14,,2025-04-14 10:50:00-07:00
1744652100000,4.4739,7.1582,0,0,1,172,53.1,92,30.0,30.0744,239,215100,1199,1294200,53.1,50.84,2025-04-01T21:20:00.000Z,2025-04-14,4.42,2025-04-14 10:35:00-07:00
1744651200000,4.2502,7.3819,0,0,1,146,52.7,93,29.99,30.0644,208,187200,991,1079100,52.7,50.73,2025-04-01T21:20:00.000Z,2025-04-14,,2025-04-14 10:20:00-07:00
1744650300000,5.3686,9.1714,0,0,1,153,52.5,94,29.99,30.0644,188,169200,803,891900,52.5,50.82,2025-04-01T21:20:00.000Z,2025-04-14,,2025-04-14 10:05:00-07:00
1744649400000,4.4739,8.9477,0,0,1,148,52.3,95,29.99,30.0645,146,131400,657,722700,52.3,50.91,2025-04-01T21:20:00.000Z,2025-04-14,,2025-04-14 09:50:00-07:00
1744648500000,4.2502,7.6056,0,0,1,143,52.3,96,29.99,30.0645,142,127800,515,591300,52.3,51.19,2025-04-01T21:20:00.000Z,2025-04-14,4.25,2025-04-14 09:35:00-07:00
1744647600000,3.5791,6.7108,0,0,1,143,51.8,96,29.99,30.0645,112,100800,403,463500,51.8,50.7,2025-04-01T21:20:00.000Z,2025-04-14,,2025-04-14 09:20:00-07:00
1744646700000,3.8028,6.4871,0,0,1,161,51.6,96,29.98,30.0545,92,82800,311,362700,51.6,50.5,2025-04-01T21:20:00.000Z,2025-04-14,,2025-04-14 09:05:00-07:00
1744645800000,2.6843,4.9213,0,0,1,174,51.4,97,29.97,30.0445,73,65700,238,279900,51.4,50.58,2025-04-01T21:20:00.000Z,2025-04-14,,2025-04-14 08:50:00-07:00
1744644900000,1.7895,4.0265,0,0,1,174,51.3,97,29.97,30.0446,55,49500,183,214200,51.3,50.48,2025-04-01T21:20:00.000Z,2025-04-14,4.23,2025-04-14 08:35:00-07:00
1744644000000,0.6711,2.6843,0,0,1,174,51.3,97,29.97,30.0446,49,44100,134,164700,51.3,50.48,2025-04-01T21:20:00.000Z,2025-04-14,,2025-04-14 08:20:00-07:00
1744643100000,1.7895,4.4739,0,0,1,174,51.1,97,29.96,30.0346,52,46800,82,120600,51.1,50.28,2025-04-01T21:20:00.000Z,2025-04-14,,2025-04-14 08:05:00-07:00
1744642200000,2.6843,5.5923,0,0,1,174,50.9,97,29.96,30.0346,42,37800,40,73800,50.9,50.08,2025-04-01T21:20:00.000Z,2025-04-14,,2025-04-14 07:50:00-07:00
1744641300000,2.908,5.5923,0,0,1,174,50.7,97,29.95,30.0246,25,22500,15,36000,50.7,49.88,2025-04-01T21:20:00.000Z,2025-04-14,4.23,2025-04-14 07:35:00-07:00
1744640400000,2.2369,6.0397,0,0,1,174,50.7,97,29.95,30.0246,11,9900,4,13500,50.7,49.88,2025-04-01T21:20:00.000Z,2025-04-14,,2025-04-14 07:20:00-07:00
1744639500000,2.4606,5.3686,0,0,1,174,50.7,97,29.95,30.0246,3,2700,1,3600,50.7,49.88,2025-04-01T21:20:00.000Z,2025-04-14,,2025-04-14 07:05:00-07:00
1744638600000,2.2369,5.816,0,0,1,176,50.5,97,29.94,30.0146,1,900,0,900,50.5,49.68,2025-04-01T21:20:00.000Z,2025-04-14,,2025-04-14 06:50:00-07:00
1744637700000,3.1317,6.7108,0,0,1,183,50.5,97,29.94,30.0146,0,0,0,0,50.5,49.68,2025-04-01T21:20:00.000Z,2025-04-14,4.24,2025-04-14 06:35:00-07:00
1744636800000,2.6843,7.3819,0,0,1,188,50.5,97,29.93,30.0046,0,0,0,0,50.5,49.68,2025-04-01T21:20:00.000Z,2025-04-14,,2025-04-14 06:20:00-07:00
1744635900000,1.7895,6.2634,0,0,1,217,50.7,97,29.93,30.0046,0,0,0,0,50.7,49.88,2025-04-01T21:20:00.000Z,2025-04-14,,2025-04-14 06:05:00-07:00
1744635000000,2.0132,5.145,0,0,1,200,50.7,97,29.92,29.9945,0,0,0,0,50.7,49.88,2025-04-01T21:20:00.000Z,2025-04-14,,2025-04-14 05:50:00-07:00
1744634100000,1.7895,6.7108,0,0,1,195,50.7,97,29.92,29.9945,0,0,0,0,50.7,49.88,2025-04-01T21:20:00.000Z,2025-04-14,4.24,2025-04-14 05:35:00-07:00
1744633200000,3.1317,5.816,0,0,1,186,50.9,97,29.93,30.0045,0,0,0,0,50.9,50.08,2025-04-01T21:20:00.000Z,2025-04-14,,2025-04-14 05:20:00-07:00
1744632300000,2.2369,6.0397,0,0,1,175,51.3,97,29.92,29.9944,0,0,0,0,51.3,50.48,2025-04-01T21:20:00.000Z,2025-04-14,,2025-04-14 05:05:00-07:00
1744631400000,2.4606,4.4739,0,0,1,175,51.3,97,29.92,29.9944,0,0,0,0,51.3,50.48,2025-04-01T21:20:00.000Z,2025-04-14,,2025-04-14 04:50:00-07:00
1744630500000,2.2369,5.145,0,0,1,176,51.4,97,29.92,29.9944,0,0,0,0,51.4,50.58,2025-04-01T21:20:00.000Z,2025-04-14,4.25,2025-04-14 04:35:00-07:00
1744629600000,2.908,6.0397,0,0,1,172,51.4,96,29.92,29.9944,0,0,0,0,51.4,50.3,2025-04-01T21:20:00.000Z,2025-04-14,,2025-04-14 04:20:00-07:00
1744628700000,2.4606,5.816,0,0,1,183,51.6,96,29.92,29.9944,0,0,0,0,51.6,50.5,2025-04-01T21:20:00.000Z,2025-04-14,,2025-04-14 04:05:00-07:00
1744627800000,0.6711,2.6843,0,0,1,183,51.8,96,29.92,29.9944,0,0,0,0,51.8,50.7,2025-04-01T21:20:00.000Z,2025-04-14,,2025-04-14 03:50:00-07:00
1744626900000,1.1185,3.5791,0,0,1,194,52.0,96,29.93,30.0044,0,0,0,0,52.0,50.89,2025-04-01T21:20:00.000Z,2025-04-14,4.26,2025-04-14 03:35:00-07:00
1744626000000,2.0132,5.3686,0,0,1,182,52.2,95,29.93,30.0043,0,0,0,0,52.2,50.81,2025-04-01T21:20:00.000Z,2025-04-14,,2025-04-14 03:20:00-07:00
1744625100000,1.1185,4.2502,0,0,1,279,52.3,94,29.93,30.0043,0,0,0,0,52.3,50.62,2025-04-01T21:20:00.000Z,2025-04-14,,2025-04-14 03:05:00-07:00
1744624200000,0.4474,2.4606,0,0,1,279,52.7,94,29.93,30.0043,0,0,0,0,52.7,51.02,2025-04-01T21:20:00.000Z,2025-04-14,,2025-04-14 02:50:00-07:00
1744623300000,0.0,0.0,0,0,1,279,52.9,94,29.93,30.0042,0,0,0,0,52.9,51.22,2025-04-01T21:20:00.000Z,2025-04-14,4.27,2025-04-14 02:35:00-07:00
1744622400000,0.0,0.0,0,0,1,279,52.9,93,29.93,30.0042,0,0,0,0,52.9,50.93,2025-04-01T21:20:00.000Z,2025-04-14,,2025-04-14 02:20:00-07:00
1744621500000,0.0,0.0,0,0,1,279,52.9,93,29.94,30.0143,0,0,0,0,52.9,50.93,2025-04-01T21:20:00.000Z,2025-04-14,,2025-04-14 02:05:00-07:00
1744620600000,0.0,1.7895,0,0,1,279,52.5,94,29.94,30.0143,0,0,0,0,52.5,50.82,2025-04-01T21:20:00.000Z,2025-04-14,,2025-04-14 01:50:00-07:00
1744619700000,0.0,0.8948,0,0,1,279,52.3,94,29.95,30.0244,0,0,0,0,52.3,50.62,2025-04-01T21:20:00.000Z,2025-04-14,4.27,2025-04-14 01:35:00-07:00
1744618800000,0.0,0.0,0,0,1,279,52.2,94,29.95,30.0244,0,0,0,0,52.2,50.53,2025-04-01T21:20:00.000Z,2025-04-14,,2025-04-14 01:20:00-07:00
1744617900000,0.0,1.1185,0,0,1,279,51.4,94,29.95,30.0245,0,0,0,0,51.4,49.73,2025-04-01T21:20:00.000Z,2025-04-14,,2025-04-14 01:05:00-07:00
1744617000000,0.0,0.0,0,0,1,279,51.1,94,29.94,30.0145,0,0,0,0,51.1,49.43,2025-04-01T21:20:00.000Z,2025-04-14,,2025-04-14 00:50:00-07:00
1744616100000,0.0,0.0,0,0,1,279,51.1,93,29.94,30.0145,0,0,0,0,51.1,49.15,2025-04-01T21:20:00.000Z,2025-04-14,4.28,2025-04-14 00:35:00-07:00
1744615200000,0.0,0.0,0,0,1,279,51.3,93,29.95,30.0245,0,0,0,0,51.3,49.34,2025-04-01T21:20:00.000Z,2025-04-14,,2025-04-14 00:20:00-07:00
1744614300000,0.0,0.0,0,0,1,279,51.4,93,29.95,30.0245,0,0,0,0,51.4,49.44,2025-04-01T21:20:00.000Z,2025-04-14,,2025-04-14 00:05:00-07:00
