dateutc,windspeedmph,windgustmph,hourlyrainin,dailyrainin,trustdevicetime,winddir,tempf,humidity,baromabsin,baromrelin,solarradiation,sis,sds,solarradday,feelsLike,dewPoint,date,batt1volts,tz,historical,lastRain,local_time
1740210300000,0.0,0.0,0,0,1,231,48.6,79,30.15,30.2493,0,0,4480,4032000,48.6,42.39,2025-02-21,,,,,2025-02-21 23:45:00-08:00
1740208500000,0.0,0.0,0,0,1,231,49.3,77,30.14,30.2392,0,0,4480,4032000,49.3,42.4,2025-02-21,4.08,,,,2025-02-21 23:15:00-08:00
1740207600000,0.0,0.0,0,0,1,231,50.0,76,30.14,30.239,0,0,4480,4032000,50.0,42.74,2025-02-21,,,,,2025-02-21 23:00:00-08:00
1740205800000,0.0,0.0,0,0,1,231,51.4,71,30.13,30.2287,0,0,4480,4032000,51.4,42.32,2025-02-21,,,,,2025-02-21 22:30:00-08:00
1740204000000,0.0,0.0,0,0,1,231,50.5,71,30.13,30.2289,0,0,4480,4032000,50.5,41.45,2025-02-21,,America/Los_Angeles,True,,2025-02-21 22:00:00-08:00
1740203100000,0.0,0.0,0,0,1,231,50.4,73,30.13,30.2289,0,0,4480,4032000,50.4,42.08,2025-02-21,,America/Los_Angeles,True,,2025-02-21 21:45:00-08:00
1740202200000,0.0,0.0,0,0,1,231,50.4,75,30.12,30.2189,0,0,4480,4032000,50.4,42.78,2025-02-21,,,,,2025-02-21 21:30:00-08:00
1740200400000,0.0,0.0,0,0,1,231,50.5,74,30.12,30.2189,0,0,4480,4032000,50.5,42.53,2025-02-21,,,,,2025-02-21 21:00:00-08:00
1740199500000,0.0,0.0,0,0,1,231,51.3,73,30.12,30.2187,0,0,4480,4032000,51.3,42.94,2025-02-21,4.09,,,,2025-02-21 20:45:00-08:00
1740196800000,0.0,0.0,0,0,1,231,52.2,73,30.12,30.2185,0,0,4480,4032000,52.2,43.81,2025-02-21,,,,,2025-02-21 20:00:00-08:00
1740195000000,0.0,0.0,0,0,1,231,53.8,70,30.11,30.2082,0,0,4480,4032000,53.8,44.25,2025-02-21,,,,,2025-02-21 19:30:00-08:00
1740194100000,0.0,0.0,0,0,1,231,54.9,69,30.11,30.208,0,0,4480,4032000,54.9,44.92,2025-02-21,,,,,2025-02-21 19:15:00-08:00
1740190500000,0.0,0.0,0,0,1,231,60.1,61,30.09,30.1869,0,0,4480,4032000,60.1,46.6,2025-02-21,,,,,2025-02-21 18:15:00-08:00
1740189600000,0.0,0.0,0,0,1,231,61.7,56,30.09,30.1866,0,0,4480,4032000,61.7,45.84,2025-02-21,,,,,2025-02-21 18:00:00-08:00
1740188700000,0.0,0.0,0,0,1,231,62.4,53,30.09,30.1865,2,840,4478,4032000,62.4,45.04,2025-02-21,4.1,,,,2025-02-21 17:45:00-08:00
1740187800000,0.0,2.0132,0,0,1,231,63.0,54,30.09,30.1864,6,2880,4472,4030200,63.0,46.09,2025-02-21,,,,,2025-02-21 17:30:00-08:00
1740186900000,2.0132,3.5791,0,0,1,231,64.6,52,30.09,30.1861,10,4200,4462,4024800,64.6,46.57,2025-02-21,,,,,2025-02-21 17:15:00-08:00
1740186000000,0.8948,2.908,0,0,1,231,64.8,49,30.08,30.176,17,8160,4445,4015800,64.8,45.19,2025-02-21,,,,,2025-02-21 17:00:00-08:00
1740184200000,1.5659,2.6843,0,0,1,231,64.9,52,30.08,30.176,24,11520,4421,4000500,64.9,46.85,2025-02-21,,,,,2025-02-21 16:30:00-08:00
1740181500000,1.1185,4.2502,0,0,1,232,65.7,45,30.08,30.1759,43,18060,4378,3978900,65.7,43.77,2025-02-21,4.11,,,,2025-02-21 15:45:00-08:00
1740180600000,1.3422,4.0265,0,0,1,234,65.8,45,30.08,30.1758,107,51360,4271,3940200,65.8,43.86,2025-02-21,,,,,2025-02-21 15:30:00-08:00
1740178800000,0.6711,3.3554,0,0,1,234,66.4,42,30.09,30.1858,97,46560,4174,3843900,66.4,42.6,2025-02-21,,,,,2025-02-21 15:00:00-08:00
1740177900000,0.4474,2.2369,0,0,1,234,65.8,43,30.09,30.1859,58,24360,4116,3756600,65.8,42.68,2025-02-21,4.11,,,,2025-02-21 14:45:00-08:00
1740177000000,0.4474,3.5791,0,0,1,234,65.5,46,30.09,30.1859,65,31200,4051,3704400,65.5,44.17,2025-02-21,,,,,2025-02-21 14:30:00-08:00
1740176100000,1.5659,4.2502,0,0,1,234,65.5,50,30.08,30.1759,92,38640,3959,3645900,65.5,46.36,2025-02-21,,,,,2025-02-21 14:15:00-08:00
1740174300000,2.0132,4.6976,0,0,1,231,66.2,48,30.09,30.1858,334,140280,3625,3563100,66.2,45.92,2025-02-21,4.11,,,,2025-02-21 13:45:00-08:00
1740173400000,2.0132,4.9213,0,0,1,231,65.1,53,30.08,30.176,687,329760,2938,3262500,65.1,47.54,2025-02-21,,,,,2025-02-21 13:30:00-08:00
1740172500000,2.2369,4.4739,0,0,1,231,65.5,51,30.09,30.1859,580,243600,2358,2644200,65.5,46.89,2025-02-21,,,,,2025-02-21 13:15:00-08:00
1740171600000,1.1185,5.145,0,0,1,231,64.8,48,30.1,30.1961,613,294240,1745,2122200,64.8,44.64,2025-02-21,,,,,2025-02-21 13:00:00-08:00
1740170700000,0.0,1.3422,0,0,1,231,63.5,53,30.1,30.1963,281,118020,1464,1570500,63.5,46.06,2025-02-21,4.1,,,,2025-02-21 12:45:00-08:00
1740169800000,1.3422,4.6976,0,0,1,225,64.0,55,30.11,30.2063,163,78240,1301,1317600,64.0,47.5,2025-02-21,,,,,2025-02-21 12:30:00-08:00
1740168900000,0.8948,3.1317,0,0,1,212,62.8,60,30.11,30.2065,162,68040,1139,1170900,62.8,48.7,2025-02-21,,,,,2025-02-21 12:15:00-08:00
1740166200000,0.6711,2.908,0,0,1,202,62.4,65,30.12,30.2166,189,90720,654,758700,62.4,50.48,2025-02-21,,,,,2025-02-21 11:30:00-08:00
1740165300000,1.5659,3.8028,0,0,1,202,62.1,65,30.11,30.2066,188,78960,843,757800,62.1,50.19,2025-02-21,,America/Los_Angeles,True,,2025-02-21 11:15:00-08:00
1740164400000,2.0132,4.0265,0,0,1,202,61.7,66,30.11,30.2067,183,87840,471,588600,61.7,50.22,2025-02-21,4.09,,,,2025-02-21 11:00:00-08:00
1740163500000,1.5659,3.8028,0,0,1,202,61.3,67,30.11,30.2068,95,39900,376,423900,61.3,50.25,2025-02-21,,,,,2025-02-21 10:45:00-08:00
1740160800000,1.7895,2.908,0,0,1,202,60.3,72,30.11,30.207,76,36480,229,274500,60.3,51.23,2025-02-21,4.09,,,,2025-02-21 10:00:00-08:00
1740159900000,1.5659,2.4606,0,0,1,202,59.2,74,30.1,30.1971,62,26040,167,206100,59.2,50.92,2025-02-21,,,,,2025-02-21 09:45:00-08:00
1740158100000,1.1185,2.6843,0,0,1,202,58.3,75,30.1,30.1973,33,13860,134,118800,58.3,50.41,2025-02-21,,America/Los_Angeles,True,,2025-02-21 09:15:00-08:00
1740157200000,1.3422,2.4606,0,0,1,202,57.2,78,30.09,30.1875,31,14880,68,89100,57.2,50.4,2025-02-21,4.08,,,,2025-02-21 09:00:00-08:00
1740156300000,0.4474,2.2369,0,0,1,202,54.0,85,30.09,30.1881,32,13440,36,61200,54.0,49.59,2025-02-21,,,,,2025-02-21 08:45:00-08:00
1740155400000,0.0,0.0,0,0,1,202,50.9,86,30.08,30.1786,33,15840,3,32400,50.9,46.86,2025-02-21,,,,,2025-02-21 08:30:00-08:00
1740150000000,0.0,0.0,0,0,1,202,44.2,90,30.06,30.1599,3,1440,0,2700,44.2,41.46,2025-02-21,,,,,2025-02-21 07:00:00-08:00
1740149100000,0.0,0.0,0,0,1,202,44.4,88,30.05,30.1498,0,0,3,0,44.4,41.07,2025-02-21,,America/Los_Angeles,True,,2025-02-21 06:45:00-08:00
1740148200000,0.0,0.0,0,0,1,202,45.1,86,30.05,30.1497,0,0,0,0,45.1,41.17,2025-02-21,4.08,,,,2025-02-21 06:30:00-08:00
1740146400000,0.0,0.0,0,0,1,202,45.1,87,30.05,30.1497,0,0,0,0,45.1,41.47,2025-02-21,,America/Los_Angeles,True,,2025-02-21 06:00:00-08:00
1740145500000,0.0,0.0,0,0,1,202,45.0,89,30.05,30.1497,0,0,0,0,45.0,41.96,2025-02-21,,America/Los_Angeles,True,,2025-02-21 05:45:00-08:00
1740144600000,0.0,0.0,0,0,1,202,45.3,87,30.04,30.1396,0,0,0,0,45.3,41.66,2025-02-21,,,,2025-02-14T20:35:00.000Z,2025-02-21 05:30:00-08:00
1740143700000,0.0,0.0,0,0,1,202,45.1,87,30.04,30.1396,0,0,0,0,45.1,41.47,2025-02-21,,,,2025-02-14T20:35:00.000Z,2025-02-21 05:15:00-08:00
1740142800000,0.0,1.3422,0,0,1,202,44.8,89,30.03,30.1297,0,0,0,0,44.8,41.76,2025-02-21,,,,2025-02-14T20:35:00.000Z,2025-02-21 05:00:00-08:00
1740141900000,0.0,1.5659,0,0,1,202,44.6,89,30.02,30.1197,0,0,0,0,44.6,41.56,2025-02-21,4.09,,,2025-02-14T20:35:00.000Z,2025-02-21 04:45:00-08:00
1740141000000,0.0,0.0,0,0,1,202,44.6,91,30.02,30.1197,0,0,0,0,44.6,42.14,2025-02-21,,,,2025-02-14T20:35:00.000Z,2025-02-21 04:30:00-08:00
1740140100000,0.0,0.0,0,0,1,202,44.6,91,30.01,30.1096,0,0,0,0,44.6,42.14,2025-02-21,,,,2025-02-14T20:35:00.000Z,2025-02-21 04:15:00-08:00
1740139200000,0.0,0.0,0,0,1,202,44.6,90,30.01,30.1096,0,0,0,0,44.6,41.85,2025-02-21,,,,2025-02-14T20:35:00.000Z,2025-02-21 04:00:00-08:00
1740138300000,0.0,1.1185,0,0,1,202,44.6,88,30.01,30.1096,0,0,0,0,44.6,41.27,2025-02-21,4.09,,,2025-02-14T20:35:00.000Z,2025-02-21 03:45:00-08:00
1740137400000,0.0,0.0,0,0,1,202,45.1,88,30.01,30.1095,0,0,0,0,45.1,41.76,2025-02-21,,,,2025-02-14T20:35:00.000Z,2025-02-21 03:30:00-08:00
1740136500000,0.0,0.0,0,0,1,202,45.5,87,30.0,30.0994,0,0,0,0,45.5,41.86,2025-02-21,,,,2025-02-14T20:35:00.000Z,2025-02-21 03:15:00-08:00
1740135600000,0.0,0.0,0,0,1,202,45.7,88,30.0,30.0994,0,0,0,0,45.7,42.35,2025-02-21,,,,2025-02-14T20:35:00.000Z,2025-02-21 03:00:00-08:00
1740134700000,0.0,0.0,0,0,1,202,45.9,89,30.0,30.0994,0,0,0,0,45.9,42.84,2025-02-21,4.09,,,2025-02-14T20:35:00.000Z,2025-02-21 02:45:00-08:00
1740133800000,0.0,0.0,0,0,1,202,46.0,88,30.0,30.0993,0,0,0,0,46.0,42.65,2025-02-21,,,,2025-02-14T20:35:00.000Z,2025-02-21 02:30:00-08:00
1740132900000,0.0,0.0,0,0,1,202,46.4,89,30.0,30.0993,0,0,0,0,46.4,43.34,2025-02-21,,,,2025-02-14T20:35:00.000Z,2025-02-21 02:15:00-08:00
1740132000000,0.0,0.0,0,0,1,202,46.4,89,30.0,30.0993,0,0,0,0,46.4,43.34,2025-02-21,,,,2025-02-14T20:35:00.000Z,2025-02-21 02:00:00-08:00
1740131100000,0.0,0.0,0,0,1,202,46.8,89,29.99,30.0891,0,0,0,0,46.8,43.73,2025-02-21,4.09,,,2025-02-14T20:35:00.000Z,2025-02-21 01:45:00-08:00
1740130200000,0.0,0.0,0,0,1,202,46.9,88,30.0,30.0992,0,0,0,0,46.9,43.53,2025-02-21,,,,2025-02-14T20:35:00.000Z,2025-02-21 01:30:00-08:00
1740129300000,0.0,0.0,0,0,1,202,47.1,89,29.99,30.0891,0,0,0,0,47.1,44.03,2025-02-21,,,,2025-02-14T20:35:00.000Z,2025-02-21 01:15:00-08:00
1740128400000,0.0,0.0,0,0,1,202,47.3,89,30.0,30.0991,0,0,0,0,47.3,44.22,2025-02-21,,,,2025-02-14T20:35:00.000Z,2025-02-21 01:00:00-08:00
1740127500000,0.0,0.8948,0,0,1,202,47.3,89,30.0,30.0991,0,0,0,0,47.3,44.22,2025-02-21,4.09,,,2025-02-14T20:35:00.000Z,2025-02-21 00:45:00-08:00
1740126600000,0.0,0.0,0,0,1,202,47.5,89,30.0,30.099,0,0,0,0,47.5,44.42,2025-02-21,,,,2025-02-14T20:35:00.000Z,2025-02-21 00:30:00-08:00
1740125700000,0.0,0.0,0,0,1,202,47.7,90,30.01,30.109,0,0,0,0,47.7,44.91,2025-02-21,,,,2025-02-14T20:35:00.000Z,2025-02-21 00:15:00-08:00
1740124800000,0.0,0.0,0,0,1,202,48.0,91,30.01,30.109,0,0,0,5647500,48.0,45.5,2025-02-21,,,,2025-02-14T20:35:00.000Z,2025-02-21 00:00:00-08:00
