dateutc,windspeedmph,windgustmph,hourlyrainin,dailyrainin,trustdevicetime,winddir,tempf,humidity,baromabsin,baromrelin,solarradiation,sis,sds,solarradday,feelsLike,dewPoint,lastRain,date,tz,historical,batt1volts,local_time
1742799000000,0.0,0.0,0,0,1,153,52.9,96,30.01,30.0844,0,0,23284,20955600,52.9,51.79,2025-03-17T20:19:00.000Z,2025-03-23,,,,2025-03-23 23:50:00-07:00
1742798100000,0.0,0.0,0,0,1,153,53.2,95,30.01,30.0844,0,0,23284,20955600,53.2,51.8,,2025-03-23,America/Los_Angeles,True,,2025-03-23 23:35:00-07:00
1742797200000,0.0,0.0,0,0,1,153,53.1,95,30.01,30.0844,0,0,23284,20955600,53.1,51.71,2025-03-17T20:19:00.000Z,2025-03-23,,,,2025-03-23 23:20:00-07:00
1742796300000,0.0,0.0,0,0,1,153,53.2,95,30.01,30.0844,0,0,23284,20955600,53.2,51.8,2025-03-17T20:19:00.000Z,2025-03-23,,,4.29,2025-03-23 23:05:00-07:00
1742795400000,0.0,1.5659,0,0,1,153,53.6,95,30.0,30.0743,0,0,23284,20955600,53.6,52.2,2025-03-17T20:19:00.000Z,2025-03-23,,,,2025-03-23 22:50:00-07:00
1742794500000,0.0,0.0,0,0,1,153,53.8,95,29.99,30.0643,0,0,23284,20955600,53.8,52.4,2025-03-17T20:19:00.000Z,2025-03-23,,,,2025-03-23 22:35:00-07:00
1742793600000,0.0,0.0,0,0,1,153,54.0,95,29.99,30.0642,0,0,23284,20955600,54.0,52.6,2025-03-17T20:19:00.000Z,2025-03-23,,,,2025-03-23 22:20:00-07:00
1742792700000,0.0,0.0,0,0,1,153,53.6,95,29.99,30.0643,0,0,23284,20955600,53.6,52.2,2025-03-17T20:19:00.000Z,2025-03-23,,,4.3,2025-03-23 22:05:00-07:00
1742791800000,0.0,0.0,0,0,1,153,54.0,95,30.0,30.0742,0,0,23284,20955600,54.0,52.6,2025-03-17T20:19:00.000Z,2025-03-23,,,,2025-03-23 21:50:00-07:00
1742790900000,0.0,0.0,0,0,1,153,54.1,95,30.0,30.0742,0,0,23284,20955600,54.1,52.7,2025-03-17T20:19:00.000Z,2025-03-23,,,,2025-03-23 21:35:00-07:00
1742790000000,0.0,1.3422,0,0,1,153,54.1,95,29.99,30.0642,0,0,23284,20955600,54.1,52.7,2025-03-17T20:19:00.000Z,2025-03-23,,,,2025-03-23 21:20:00-07:00
1742789100000,0.0,2.0132,0,0,1,153,54.0,94,29.99,30.0642,0,0,23284,20955600,54.0,52.31,2025-03-17T20:19:00.000Z,2025-03-23,,,4.31,2025-03-23 21:05:00-07:00
1742788200000,0.0,0.0,0,0,1,153,54.3,94,29.99,30.0642,0,0,23284,20955600,54.3,52.61,2025-03-17T20:19:00.000Z,2025-03-23,,,,2025-03-23 20:50:00-07:00
1742787300000,0.2237,2.2369,0,0,1,153,54.3,94,29.98,30.0542,0,0,23284,20955600,54.3,52.61,2025-03-17T20:19:00.000Z,2025-03-23,,,,2025-03-23 20:35:00-07:00
1742786400000,1.3422,2.4606,0,0,1,153,54.3,93,29.97,30.0441,0,0,23284,20955600,54.3,52.32,2025-03-17T20:19:00.000Z,2025-03-23,,,,2025-03-23 20:20:00-07:00
1742785500000,1.5659,3.1317,0,0,1,153,54.5,92,29.96,30.0341,0,0,23284,20955600,54.5,52.22,2025-03-17T20:19:00.000Z,2025-03-23,,,4.31,2025-03-23 20:05:00-07:00
1742784600000,0.0,2.2369,0,0,1,153,55.6,91,29.96,30.0339,0,0,23284,20955600,55.6,53.01,2025-03-17T20:19:00.000Z,2025-03-23,,,,2025-03-23 19:50:00-07:00
1742783640000,0.0,0.0,0,0,1,153,55.8,90,29.96,30.0339,0,0,23284,20955600,55.8,52.91,2025-03-17T20:19:00.000Z,2025-03-23,,,,2025-03-23 19:34:00-07:00
1742782800000,0.2237,1.5659,0,0,1,153,56.1,90,29.97,30.0439,5,4500,23279,20955600,56.1,53.21,2025-03-17T20:19:00.000Z,2025-03-23,,,,2025-03-23 19:20:00-07:00
1742781900000,1.1185,2.6843,0,0,1,153,56.8,89,29.97,30.0438,25,22500,23254,20951100,56.8,53.59,2025-03-17T20:19:00.000Z,2025-03-23,,,4.32,2025-03-23 19:05:00-07:00
1742781000000,1.3422,4.2502,0,0,1,199,57.2,88,29.97,30.0437,55,49500,23199,20928600,57.2,53.68,2025-03-17T20:19:00.000Z,2025-03-23,,,,2025-03-23 18:50:00-07:00
1742780100000,0.2237,2.2369,0,0,1,232,57.7,87,29.96,30.0336,90,81000,23109,20879100,57.7,53.86,2025-03-17T20:19:00.000Z,2025-03-23,,,,2025-03-23 18:35:00-07:00
1742779200000,0.8948,3.1317,0,0,1,233,58.3,85,29.96,30.0335,129,116100,22980,20798100,58.3,53.81,2025-03-17T20:19:00.000Z,2025-03-23,,,,2025-03-23 18:20:00-07:00
1742778300000,2.2369,4.2502,0,0,1,233,59.2,82,29.95,30.0234,173,155700,22807,20682000,59.2,53.71,2025-03-17T20:19:00.000Z,2025-03-23,,,4.39,2025-03-23 18:05:00-07:00
1742777400000,2.2369,4.2502,0,0,1,233,59.4,80,29.95,30.0234,218,196200,22589,20526300,59.4,53.23,2025-03-17T20:19:00.000Z,2025-03-23,,,,2025-03-23 17:50:00-07:00
1742776500000,3.3554,5.816,0,0,1,233,59.7,81,29.95,30.0233,264,237600,22325,20330100,59.7,53.86,2025-03-17T20:19:00.000Z,2025-03-23,,,,2025-03-23 17:35:00-07:00
1742775600000,4.2502,6.7108,0,0,1,248,59.7,82,29.96,30.0333,314,282600,21238,19396800,59.7,54.19,2025-03-17T20:19:00.000Z,2025-03-23,,,,2025-03-23 17:20:00-07:00
1742774700000,5.145,7.8293,0,0,1,243,59.5,83,29.96,30.0334,363,326700,21552,19809900,59.5,54.33,,2025-03-23,America/Los_Angeles,True,4.34,2025-03-23 17:05:00-07:00
1742773800000,6.4871,9.3951,0,0,1,246,60.1,82,29.96,30.0333,410,369000,21552,19483200,60.1,54.58,,2025-03-23,America/Los_Angeles,True,,2025-03-23 16:50:00-07:00
1742772900000,7.3819,11.4084,0,0,1,247,60.3,81,29.97,30.0433,454,408600,20784,19114200,60.3,54.44,2025-03-17T20:19:00.000Z,2025-03-23,,,4.38,2025-03-23 16:35:00-07:00
1742772000000,7.6056,11.4084,0,0,1,250,60.4,80,29.97,30.0433,498,448200,20286,18705600,60.4,54.2,2025-03-17T20:19:00.000Z,2025-03-23,,,,2025-03-23 16:20:00-07:00
1742771100000,6.9345,9.3951,0,0,1,245,60.8,78,29.98,30.0532,541,486900,19745,18257400,60.8,53.89,2025-03-17T20:19:00.000Z,2025-03-23,,,,2025-03-23 16:05:00-07:00
1742770200000,5.145,8.2767,0,0,1,248,61.3,77,29.98,30.0532,581,522900,19164,17770500,61.3,54.03,2025-03-17T20:19:00.000Z,2025-03-23,,,,2025-03-23 15:50:00-07:00
1742769300000,4.9213,7.3819,0,0,1,220,60.6,79,29.98,30.0533,619,557100,18545,17247600,60.6,54.05,2025-03-17T20:19:00.000Z,2025-03-23,,,4.39,2025-03-23 15:35:00-07:00
1742768400000,4.9213,8.2767,0,0,1,208,60.6,78,29.98,30.0533,654,588600,17891,16690500,60.6,53.7,2025-03-17T20:19:00.000Z,2025-03-23,,,,2025-03-23 15:20:00-07:00
1742767500000,4.6976,7.6056,0,0,1,205,60.8,77,29.98,30.0532,685,616500,17206,16101900,60.8,53.54,2025-03-17T20:19:00.000Z,2025-03-23,,,,2025-03-23 15:05:00-07:00
1742766600000,5.145,7.6056,0,0,1,198,61.0,77,29.98,30.0532,713,641700,16493,15485400,61.0,53.73,2025-03-17T20:19:00.000Z,2025-03-23,,,,2025-03-23 14:50:00-07:00
1742765700000,4.6976,8.053,0,0,1,191,61.5,76,29.98,30.0531,738,664200,15755,14843700,61.5,53.86,2025-03-17T20:19:00.000Z,2025-03-23,,,4.4,2025-03-23 14:35:00-07:00
1742764800000,4.6976,7.1582,0,0,1,180,61.9,75,29.99,30.0631,758,682200,14997,14179500,61.9,53.88,2025-03-17T20:19:00.000Z,2025-03-23,,,,2025-03-23 14:20:00-07:00
1742763900000,4.9213,8.2767,0,0,1,195,61.3,75,29.99,30.0632,776,698400,14221,13497300,61.3,53.31,2025-03-17T20:19:00.000Z,2025-03-23,,,,2025-03-23 14:05:00-07:00
1742763000000,3.8028,6.2634,0,0,1,168,61.7,75,29.99,30.0631,790,711000,13431,12798900,61.7,53.69,2025-03-17T20:19:00.000Z,2025-03-23,,,,2025-03-23 13:50:00-07:00
1742762100000,4.6976,7.1582,0,0,1,158,61.5,74,29.99,30.0632,800,720000,12631,12087900,61.5,53.13,2025-03-17T20:19:00.000Z,2025-03-23,,,4.39,2025-03-23 13:35:00-07:00
1742761200000,4.4739,7.3819,0,0,1,172,62.1,73,30.0,30.0731,806,725400,11825,11367900,62.1,53.34,2025-03-17T20:19:00.000Z,2025-03-23,,,,2025-03-23 13:20:00-07:00
1742760300000,3.5791,5.816,0,0,1,183,62.1,73,30.01,30.0831,807,726300,10215,9919800,62.1,53.34,2025-03-17T20:19:00.000Z,2025-03-23,,,,2025-03-23 13:05:00-07:00
1742759400000,3.8028,6.2634,0,0,1,208,61.2,76,30.01,30.0832,803,722700,11022,9916200,61.2,53.57,,2025-03-23,America/Los_Angeles,True,,2025-03-23 12:50:00-07:00
1742758500000,4.0265,6.9345,0,0,1,191,60.8,76,30.01,30.0833,797,717300,9418,9193500,60.8,53.18,2025-03-17T20:19:00.000Z,2025-03-23,,,4.4,2025-03-23 12:35:00-07:00
1742757600000,3.8028,6.7108,0,0,1,191,60.8,75,30.01,30.0833,788,709200,8630,8476200,60.8,52.82,2025-03-17T20:19:00.000Z,2025-03-23,,,,2025-03-23 12:20:00-07:00
1742756700000,3.8028,6.2634,0,0,1,165,60.4,77,30.02,30.0934,773,695700,7857,7767000,60.4,53.15,2025-03-17T20:19:00.000Z,2025-03-23,,,,2025-03-23 12:05:00-07:00
1742755800000,4.6976,7.1582,0,0,1,164,60.3,79,30.01,30.0834,755,679500,7102,7071300,60.3,53.76,2025-03-17T20:19:00.000Z,2025-03-23,,,,2025-03-23 11:50:00-07:00
1742754900000,5.5923,8.5004,0,0,1,162,59.9,80,30.01,30.0834,732,658800,6370,6391800,59.9,53.71,2025-03-17T20:19:00.000Z,2025-03-23,,,4.43,2025-03-23 11:35:00-07:00
1742754000000,6.2634,9.3951,0,0,1,151,60.4,77,30.01,30.0834,707,636300,5663,5733000,60.4,53.15,2025-03-17T20:19:00.000Z,2025-03-23,,,,2025-03-23 11:20:00-07:00
1742753100000,6.2634,9.6188,0,0,1,152,61.0,76,30.01,30.0833,676,608400,4987,5096700,61.0,53.38,2025-03-17T20:19:00.000Z,2025-03-23,,,,2025-03-23 11:05:00-07:00
1742752200000,7.1582,10.2899,0,0,1,153,60.4,77,30.01,30.0834,643,578700,4344,4488300,60.4,53.15,2025-03-17T20:19:00.000Z,2025-03-23,,,,2025-03-23 10:50:00-07:00
1742751300000,7.1582,10.0662,0,0,1,154,60.4,76,30.01,30.0834,607,546300,3737,3909600,60.4,52.8,2025-03-17T20:19:00.000Z,2025-03-23,,,4.56,2025-03-23 10:35:00-07:00
1742750400000,4.9213,10.2899,0,0,1,132,62.2,71,30.01,30.0831,568,511200,3169,3363300,62.2,52.68,2025-03-17T20:19:00.000Z,2025-03-23,,,,2025-03-23 10:20:00-07:00
1742749500000,4.4739,8.5004,0,0,1,116,61.9,71,30.0,30.0731,528,475200,2641,2852100,61.9,52.39,2025-03-17T20:19:00.000Z,2025-03-23,,,,2025-03-23 10:05:00-07:00
1742748600000,3.8028,12.0795,0,0,1,106,61.2,72,30.0,30.0732,483,434700,2158,2376900,61.2,52.1,2025-03-17T20:19:00.000Z,2025-03-23,,,,2025-03-23 09:50:00-07:00
1742747700000,5.816,15.6586,0,0,1,100,60.1,75,30.0,30.0734,437,393300,1721,1942200,60.1,52.15,2025-03-17T20:19:00.000Z,2025-03-23,,,4.54,2025-03-23 09:35:00-07:00
1742746800000,4.0265,12.7505,0,0,1,94,59.9,76,30.0,30.0734,389,350100,1332,1548900,59.9,52.31,2025-03-17T20:19:00.000Z,2025-03-23,,,,2025-03-23 09:20:00-07:00
1742745900000,3.5791,9.6188,0,0,1,85,58.8,78,29.99,30.0635,339,305100,993,1198800,58.8,51.95,2025-03-17T20:19:00.000Z,2025-03-23,,,,2025-03-23 09:05:00-07:00
1742745000000,2.4606,10.961,0,0,1,87,57.7,81,29.99,30.0637,290,261000,703,893700,57.7,51.91,2025-03-17T20:19:00.000Z,2025-03-23,,,,2025-03-23 08:50:00-07:00
1742744100000,0.8948,6.7108,0,0,1,108,56.5,84,29.99,30.0639,239,215100,464,632700,56.5,51.72,2025-03-17T20:19:00.000Z,2025-03-23,,,4.24,2025-03-23 08:35:00-07:00
1742743200000,0.2237,2.0132,0,0,1,114,54.3,87,29.98,30.0542,188,169200,276,417600,54.3,50.51,2025-03-17T20:19:00.000Z,2025-03-23,,,,2025-03-23 08:20:00-07:00
1742742300000,0.0,0.8948,0,0,1,114,52.0,91,29.98,30.0545,148,133200,128,248400,52.0,49.45,2025-03-17T20:19:00.000Z,2025-03-23,,,,2025-03-23 08:05:00-07:00
1742741400000,0.0,2.0132,0,0,1,114,50.9,92,29.97,30.0446,95,85500,33,115200,50.9,48.66,2025-03-17T20:19:00.000Z,2025-03-23,,,,2025-03-23 07:50:00-07:00
1742740500000,0.0,1.5659,0,0,1,114,50.4,93,29.96,30.0347,20,18000,13,29700,50.4,48.45,2025-03-17T20:19:00.000Z,2025-03-23,,,4.23,2025-03-23 07:35:00-07:00
1742739600000,0.0,1.5659,0,0,1,114,50.2,93,29.95,30.0247,11,9900,2,11700,50.2,48.25,2025-03-17T20:19:00.000Z,2025-03-23,,,,2025-03-23 07:20:00-07:00
1742738700000,0.0,0.0,0,0,1,114,50.0,94,29.94,30.0147,2,1800,0,1800,50.0,48.34,2025-03-17T20:19:00.000Z,2025-03-23,,,,2025-03-23 07:05:00-07:00
1742737800000,0.0,0.0,0,0,1,114,49.8,93,29.94,30.0147,0,0,0,0,49.8,47.86,2025-03-17T20:19:00.000Z,2025-03-23,,,,2025-03-23 06:50:00-07:00
1742736900000,0.0,0.0,0,0,1,114,49.5,93,29.93,30.0047,0,0,0,0,49.5,47.56,2025-03-17T20:19:00.000Z,2025-03-23,,,4.24,2025-03-23 06:35:00-07:00
1742736000000,0.0,1.5659,0,0,1,114,49.3,93,29.93,30.0048,0,0,0,0,49.3,47.36,2025-03-17T20:19:00.000Z,2025-03-23,,,,2025-03-23 06:20:00-07:00
1742735100000,0.0,0.8948,0,0,1,114,49.1,92,29.93,30.0048,0,0,0,0,49.1,46.88,2025-03-17T20:19:00.000Z,2025-03-23,,,,2025-03-23 06:05:00-07:00
1742734200000,0.0,0.0,0,0,1,114,49.1,92,29.93,30.0048,0,0,0,0,49.1,46.88,2025-03-17T20:19:00.000Z,2025-03-23,,,,2025-03-23 05:50:00-07:00
1742733300000,0.0,1.5659,0,0,1,114,49.5,91,29.93,30.0047,0,0,0,0,49.5,46.98,2025-03-17T20:19:00.000Z,2025-03-23,,,4.25,2025-03-23 05:35:00-07:00
1742732400000,0.0,0.0,0,0,1,114,50.0,90,29.93,30.0047,0,0,0,0,50.0,47.18,2025-03-17T20:19:00.000Z,2025-03-23,,,,2025-03-23 05:20:00-07:00
1742731500000,0.0,0.0,0,0,1,114,50.0,91,29.93,30.0047,0,0,0,0,50.0,47.48,2025-03-17T20:19:00.000Z,2025-03-23,,,,2025-03-23 05:05:00-07:00
1742729700000,0.0,0.8948,0,0,1,114,50.0,89,29.93,30.0047,0,0,0,0,50.0,46.89,2025-03-17T20:19:00.000Z,2025-03-23,,,4.25,2025-03-23 04:35:00-07:00
1742728800000,0.0,1.5659,0,0,1,114,51.1,88,29.93,30.0045,0,0,0,0,51.1,47.67,2025-03-17T20:19:00.000Z,2025-03-23,,,,2025-03-23 04:20:00-07:00
1742727900000,0.0,0.0,0,0,1,114,50.9,88,29.93,30.0045,0,0,0,0,50.9,47.47,2025-03-17T20:19:00.000Z,2025-03-23,,,,2025-03-23 04:05:00-07:00
1742727000000,0.0,0.8948,0,0,1,114,50.5,89,29.93,30.0046,0,0,0,0,50.5,47.38,2025-03-17T20:19:00.000Z,2025-03-23,,,,2025-03-23 03:50:00-07:00
1742726100000,0.0,1.3422,0,0,1,114,50.4,90,29.93,30.0046,0,0,0,0,50.4,47.58,2025-03-17T20:19:00.000Z,2025-03-23,,,4.26,2025-03-23 03:35:00-07:00
1742725200000,0.0,0.0,0,0,1,114,50.5,89,29.93,30.0046,0,0,0,0,50.5,47.38,2025-03-17T20:19:00.000Z,2025-03-23,,,,2025-03-23 03:20:00-07:00
1742724300000,0.0,1.3422,0,0,1,114,51.4,88,29.93,30.0044,0,0,0,0,51.4,47.97,2025-03-17T20:19:00.000Z,2025-03-23,,,,2025-03-23 03:05:00-07:00
1742723400000,0.4474,3.1317,0,0,1,114,51.6,89,29.94,30.0144,0,0,0,0,51.6,48.46,2025-03-17T20:19:00.000Z,2025-03-23,,,,2025-03-23 02:50:00-07:00
1742722500000,0.0,1.3422,0,0,1,114,51.3,91,29.94,30.0145,0,0,0,0,51.3,48.76,2025-03-17T20:19:00.000Z,2025-03-23,,,4.26,2025-03-23 02:35:00-07:00
1742721600000,0.4474,5.145,0,0,1,115,51.3,93,29.94,30.0145,0,0,0,0,51.3,49.34,2025-03-17T20:19:00.000Z,2025-03-23,,,,2025-03-23 02:20:00-07:00
1742720700000,0.0,1.7895,0,0,1,225,51.8,93,29.94,30.0144,0,0,0,0,51.8,49.84,2025-03-17T20:19:00.000Z,2025-03-23,,,,2025-03-23 02:05:00-07:00
1742719800000,0.0,1.7895,0,0,1,225,52.2,92,29.94,30.0144,0,0,0,0,52.2,49.95,2025-03-17T20:19:00.000Z,2025-03-23,,,,2025-03-23 01:50:00-07:00
1742718900000,0.0,1.3422,0,0,1,225,52.7,91,29.94,30.0143,0,0,0,0,52.7,50.15,2025-03-17T20:19:00.000Z,2025-03-23,,,4.27,2025-03-23 01:35:00-07:00
1742718000000,0.4474,2.6843,0,0,1,225,54.0,90,29.94,30.0141,0,0,0,0,54.0,51.13,2025-03-17T20:19:00.000Z,2025-03-23,,,,2025-03-23 01:20:00-07:00
1742717100000,1.5659,3.1317,0,0,1,225,54.7,91,29.94,30.014,0,0,0,0,54.7,52.12,2025-03-17T20:19:00.000Z,2025-03-23,,,,2025-03-23 01:05:00-07:00
1742716200000,1.1185,3.1317,0,0,1,225,53.6,88,29.94,30.0142,0,0,0,0,53.6,50.13,2025-03-17T20:19:00.000Z,2025-03-23,,,,2025-03-23 00:50:00-07:00
1742715300000,0.0,2.2369,0,0,1,225,53.6,86,29.94,30.0142,0,0,0,0,53.6,49.51,2025-03-17T20:19:00.000Z,2025-03-23,,,4.28,2025-03-23 00:35:00-07:00
1742714400000,1.1185,7.1582,0,0,1,48,52.3,90,29.94,30.0143,0,0,0,0,52.3,49.45,2025-03-17T20:19:00.000Z,2025-03-23,,,,2025-03-23 00:20:00-07:00
1742713500000,0.2237,3.5791,0,0,1,50,52.5,90,29.94,30.0143,0,0,0,0,52.5,49.65,2025-03-17T20:19:00.000Z,2025-03-23,,,,2025-03-23 00:05:00-07:00
