dateutc,windspeedmph,windgustmph,hourlyrainin,dailyrainin,trustdevicetime,winddir,tempf,humidity,baromabsin,baromrelin,solarradiation,sis,sds,solarradday,feelsLike,dewPoint,lastRain,date,batt1volts,tz,historical,local_time
1744527000000,0.0,0.8948,0,0,1,129,53.4,93,29.89,29.9641,0,0,25174,22656600,53.4,51.43,2025-04-01T21:20:00.000Z,2025-04-12,,,,2025-04-12 23:50:00-07:00
1744526100000,0.0,1.1185,0,0,1,129,53.6,93,29.9,29.9741,0,0,25174,22656600,53.6,51.62,2025-04-01T21:20:00.000Z,2025-04-12,4.28,,,2025-04-12 23:35:00-07:00
1744525200000,0.0,1.1185,0,0,1,129,53.4,93,29.9,29.9741,0,0,25174,22656600,53.4,51.43,2025-04-01T21:20:00.000Z,2025-04-12,,,,2025-04-12 23:20:00-07:00
1744524300000,0.0,1.5659,0,0,1,129,53.4,93,29.9,29.9741,0,0,25174,22656600,53.4,51.43,2025-04-01T21:20:00.000Z,2025-04-12,,,,2025-04-12 23:05:00-07:00
1744523400000,0.0,1.3422,0,0,1,129,53.2,92,29.9,29.9741,0,0,25174,22656600,53.2,50.94,2025-04-01T21:20:00.000Z,2025-04-12,,,,2025-04-12 22:50:00-07:00
1744522500000,0.0,0.0,0,0,1,129,53.4,92,29.9,29.9741,0,0,25174,22656600,53.4,51.13,2025-04-01T21:20:00.000Z,2025-04-12,4.29,,,2025-04-12 22:35:00-07:00
1744521600000,0.0,0.0,0,0,1,129,53.8,92,29.9,29.974,0,0,25174,22656600,53.8,51.53,2025-04-01T21:20:00.000Z,2025-04-12,,,,2025-04-12 22:20:00-07:00
1744520700000,0.0,0.0,0,0,1,129,54.0,91,29.9,29.974,0,0,25174,22656600,54.0,51.43,2025-04-01T21:20:00.000Z,2025-04-12,,,,2025-04-12 22:05:00-07:00
1744519800000,0.0,0.0,0,0,1,129,54.1,91,29.89,29.964,0,0,25174,22656600,54.1,51.53,2025-04-01T21:20:00.000Z,2025-04-12,,,,2025-04-12 21:50:00-07:00
1744518900000,0.0,1.1185,0,0,1,129,54.9,90,29.89,29.9638,0,0,25174,22656600,54.9,52.02,2025-04-01T21:20:00.000Z,2025-04-12,4.31,,,2025-04-12 21:35:00-07:00
1744518000000,0.0,0.0,0,0,1,129,54.9,89,29.89,29.9638,0,0,25174,22656600,54.9,51.72,2025-04-01T21:20:00.000Z,2025-04-12,,,,2025-04-12 21:20:00-07:00
1744517100000,0.0,0.0,0,0,1,129,55.2,89,29.88,29.9538,0,0,25174,22656600,55.2,52.01,2025-04-01T21:20:00.000Z,2025-04-12,,,,2025-04-12 21:05:00-07:00
1744516200000,0.8948,2.908,0,0,1,129,55.6,88,29.88,29.9537,0,0,25174,22656600,55.6,52.1,2025-04-01T21:20:00.000Z,2025-04-12,,,,2025-04-12 20:50:00-07:00
1744515300000,0.6711,4.0265,0,0,1,129,56.3,87,29.88,29.9536,0,0,25174,22656600,56.3,52.48,2025-04-01T21:20:00.000Z,2025-04-12,4.31,,,2025-04-12 20:35:00-07:00
1744514400000,0.6711,3.5791,0,0,1,129,56.5,87,29.87,29.9436,0,0,25174,22656600,56.5,52.68,2025-04-01T21:20:00.000Z,2025-04-12,,,,2025-04-12 20:20:00-07:00
1744513500000,0.8948,4.4739,0,0,1,129,56.7,86,29.87,29.9435,0,0,25174,22656600,56.7,52.56,2025-04-01T21:20:00.000Z,2025-04-12,,,,2025-04-12 20:05:00-07:00
1744512600000,1.7895,5.816,0,0,1,129,57.0,85,29.87,29.9435,0,0,25174,22656600,57.0,52.53,2025-04-01T21:20:00.000Z,2025-04-12,,,,2025-04-12 19:50:00-07:00
1744511700000,1.3422,4.2502,0,0,1,129,57.6,84,29.87,29.9434,3,2700,25171,22656600,57.6,52.8,2025-04-01T21:20:00.000Z,2025-04-12,4.32,,,2025-04-12 19:35:00-07:00
1744510800000,2.6843,6.9345,0,0,1,129,58.1,84,29.86,29.9333,21,18900,25150,22653900,58.1,53.29,2025-04-01T21:20:00.000Z,2025-04-12,,,,2025-04-12 19:20:00-07:00
1744509900000,3.1317,6.9345,0,0,1,155,58.6,84,29.87,29.9433,48,43200,25102,22635000,58.6,53.78,2025-04-01T21:20:00.000Z,2025-04-12,,,,2025-04-12 19:05:00-07:00
1744509000000,4.2502,7.3819,0,0,1,164,59.0,84,29.87,29.9432,83,74700,25019,22591800,59.0,54.17,2025-04-01T21:20:00.000Z,2025-04-12,,,,2025-04-12 18:50:00-07:00
1744508100000,5.816,10.2899,0,0,1,158,59.9,82,29.86,29.9331,124,111600,24895,22517100,59.9,54.39,2025-04-01T21:20:00.000Z,2025-04-12,4.36,,,2025-04-12 18:35:00-07:00
1744507200000,3.5791,8.7241,0,0,1,196,64.8,76,29.86,29.9324,166,149400,24729,22405500,64.8,57.05,2025-04-01T21:20:00.000Z,2025-04-12,,,,2025-04-12 18:20:00-07:00
1744506300000,2.908,4.4739,0,0,1,201,65.5,75,29.86,29.9323,212,190800,24517,22256100,65.5,57.36,2025-04-01T21:20:00.000Z,2025-04-12,,,,2025-04-12 18:05:00-07:00
1744505400000,2.908,5.145,0,0,1,201,64.9,74,29.86,29.9324,261,234900,24256,22065300,64.9,56.41,2025-04-01T21:20:00.000Z,2025-04-12,,,,2025-04-12 17:50:00-07:00
1744504500000,1.7895,4.6976,0,0,1,201,65.7,72,29.87,29.9423,311,279900,23945,21830400,65.7,56.42,2025-04-01T21:20:00.000Z,2025-04-12,4.38,,,2025-04-12 17:35:00-07:00
1744503600000,1.3422,3.8028,0,0,1,201,63.0,76,29.87,29.9427,360,324000,23585,21550500,63.0,55.31,2025-04-01T21:20:00.000Z,2025-04-12,,,,2025-04-12 17:20:00-07:00
1744502700000,2.2369,4.4739,0,0,1,201,63.1,75,29.88,29.9527,410,369000,23175,21226500,63.1,55.04,2025-04-01T21:20:00.000Z,2025-04-12,,,,2025-04-12 17:05:00-07:00
1744501800000,2.4606,5.3686,0,0,1,201,62.2,77,29.88,29.9528,460,414000,22208,20401200,62.2,54.9,2025-04-01T21:20:00.000Z,2025-04-12,,,,2025-04-12 16:50:00-07:00
1744500900000,3.5791,5.816,0,0,1,204,61.7,78,29.88,29.9529,507,456300,22668,20443500,61.7,54.77,,2025-04-12,4.38,America/Los_Angeles,True,2025-04-12 16:35:00-07:00
1744500000000,4.4739,6.4871,0,0,1,210,62.2,77,29.88,29.9528,549,494100,21659,19987200,62.2,54.9,2025-04-01T21:20:00.000Z,2025-04-12,,,,2025-04-12 16:20:00-07:00
1744499100000,4.9213,7.6056,0,0,1,222,62.1,76,29.89,29.9628,590,531000,21069,19493100,62.1,54.44,2025-04-01T21:20:00.000Z,2025-04-12,,,,2025-04-12 16:05:00-07:00
1744498200000,5.5923,8.9477,0,0,1,228,62.8,75,29.89,29.9627,639,575100,20430,18962100,62.8,54.75,2025-04-01T21:20:00.000Z,2025-04-12,4.38,,,2025-04-12 15:50:00-07:00
1744497300000,4.6976,7.8293,0,0,1,219,63.5,76,29.9,29.9727,677,609300,19753,18387000,63.5,55.79,2025-04-01T21:20:00.000Z,2025-04-12,,,,2025-04-12 15:35:00-07:00
1744496400000,3.8028,6.2634,0,0,1,213,62.8,81,29.91,29.9828,713,641700,19040,17777700,62.8,56.88,2025-04-01T21:20:00.000Z,2025-04-12,,,,2025-04-12 15:20:00-07:00
1744495500000,4.4739,7.1582,0,0,1,211,62.6,79,29.91,29.9828,749,674100,18291,17136000,62.6,55.99,2025-04-01T21:20:00.000Z,2025-04-12,,,,2025-04-12 15:05:00-07:00
1744494600000,4.0265,6.7108,0,0,1,194,61.9,81,29.91,29.9829,762,685800,17529,16461900,61.9,56.0,2025-04-01T21:20:00.000Z,2025-04-12,4.39,,,2025-04-12 14:50:00-07:00
1744493700000,4.4739,6.2634,0,0,1,214,61.7,81,29.92,29.993,778,700200,16751,15776100,61.7,55.81,2025-04-01T21:20:00.000Z,2025-04-12,,,,2025-04-12 14:35:00-07:00
1744492800000,4.0265,6.2634,0,0,1,209,62.1,78,29.92,29.9929,802,721800,15949,15075900,62.1,55.15,2025-04-01T21:20:00.000Z,2025-04-12,,,,2025-04-12 14:20:00-07:00
1744491900000,3.5791,5.3686,0,0,1,198,60.4,83,29.93,30.0032,600,540000,14701,13770900,60.4,55.21,2025-04-01T21:20:00.000Z,2025-04-12,,,,2025-04-12 14:05:00-07:00
1744491000000,4.2502,6.9345,0,0,1,206,60.4,84,29.93,30.0032,648,583200,15301,13814100,60.4,55.54,,2025-04-12,4.39,America/Los_Angeles,True,2025-04-12 13:50:00-07:00
1744490100000,4.6976,7.3819,0,0,1,212,60.4,83,29.93,30.0032,804,723600,13897,13230900,60.4,55.21,2025-04-01T21:20:00.000Z,2025-04-12,,,,2025-04-12 13:35:00-07:00
1744489200000,4.9213,7.3819,0,0,1,178,60.8,84,29.93,30.0031,843,758700,13054,12507300,60.8,55.93,2025-04-01T21:20:00.000Z,2025-04-12,,,,2025-04-12 13:20:00-07:00
1744488300000,4.6976,7.3819,0,0,1,166,59.9,86,29.94,30.0133,824,741600,12230,11748600,59.9,55.7,2025-04-01T21:20:00.000Z,2025-04-12,,,,2025-04-12 13:05:00-07:00
1744487400000,5.145,8.2767,0,0,1,170,59.5,86,29.94,30.0133,844,759600,11386,11007000,59.5,55.31,2025-04-01T21:20:00.000Z,2025-04-12,4.4,,,2025-04-12 12:50:00-07:00
1744486500000,6.0397,8.7241,0,0,1,165,59.4,86,29.94,30.0133,842,757800,10544,10247400,59.4,55.21,2025-04-01T21:20:00.000Z,2025-04-12,,,,2025-04-12 12:35:00-07:00
1744485600000,6.0397,9.8425,0,0,1,151,59.9,84,29.94,30.0133,745,670500,9799,9489600,59.9,55.05,2025-04-01T21:20:00.000Z,2025-04-12,,,,2025-04-12 12:20:00-07:00
1744484700000,6.4871,10.2899,0,0,1,131,61.3,82,29.94,30.0131,746,671400,9053,8819100,61.3,55.76,2025-04-01T21:20:00.000Z,2025-04-12,,,,2025-04-12 12:05:00-07:00
1744483800000,6.7108,10.961,0,0,1,129,61.3,83,29.94,30.0131,783,704700,8270,8147700,61.3,56.09,2025-04-01T21:20:00.000Z,2025-04-12,4.42,,,2025-04-12 11:50:00-07:00
1744482900000,5.3686,10.0662,0,0,1,148,59.5,86,29.96,30.0334,757,681300,7513,7443000,59.5,55.31,2025-04-01T21:20:00.000Z,2025-04-12,,,,2025-04-12 11:35:00-07:00
1744482000000,7.1582,12.0795,0,0,1,143,59.2,87,29.96,30.0334,656,590400,6857,6761700,59.2,55.33,2025-04-01T21:20:00.000Z,2025-04-12,,,,2025-04-12 11:20:00-07:00
1744481100000,7.6056,11.1847,0,0,1,154,59.0,87,29.96,30.0334,681,612900,6176,6171300,59.0,55.13,2025-04-01T21:20:00.000Z,2025-04-12,,,,2025-04-12 11:05:00-07:00
1744480200000,6.0397,9.3951,0,0,1,160,61.3,83,29.95,30.0231,704,633600,5472,5558400,61.3,56.09,2025-04-01T21:20:00.000Z,2025-04-12,4.51,,,2025-04-12 10:50:00-07:00
1744479300000,5.816,8.9477,0,0,1,156,61.0,84,29.95,30.0231,708,637200,4764,4924800,61.0,56.13,2025-04-01T21:20:00.000Z,2025-04-12,,,,2025-04-12 10:35:00-07:00
1744478400000,5.3686,8.2767,0,0,1,159,60.6,84,29.95,30.0232,634,570600,4130,4287600,60.6,55.74,2025-04-01T21:20:00.000Z,2025-04-12,,,,2025-04-12 10:20:00-07:00
1744477500000,5.145,8.053,0,0,1,151,60.3,84,29.94,30.0132,600,540000,3530,3717000,60.3,55.44,2025-04-01T21:20:00.000Z,2025-04-12,,,,2025-04-12 10:05:00-07:00
1744476600000,4.6976,7.1582,0,0,1,146,59.9,83,29.93,30.0032,566,509400,2964,3177000,59.9,54.72,2025-04-01T21:20:00.000Z,2025-04-12,4.55,,,2025-04-12 09:50:00-07:00
1744475700000,0.8948,4.0265,0,0,1,274,59.2,85,29.93,30.0033,493,443700,2471,2667600,59.2,54.69,2025-04-01T21:20:00.000Z,2025-04-12,,,,2025-04-12 09:35:00-07:00
1744474800000,1.1185,3.1317,0,0,1,277,59.2,85,29.94,30.0134,469,422100,2002,2223900,59.2,54.69,2025-04-01T21:20:00.000Z,2025-04-12,,,,2025-04-12 09:20:00-07:00
1744473900000,1.1185,3.1317,0,0,1,277,59.0,83,29.94,30.0134,398,358200,1604,1801800,59.0,53.84,2025-04-01T21:20:00.000Z,2025-04-12,,,,2025-04-12 09:05:00-07:00
1744473000000,0.8948,3.1317,0,0,1,277,59.2,83,29.94,30.0134,374,336600,1230,1443600,59.2,54.04,2025-04-01T21:20:00.000Z,2025-04-12,4.31,,,2025-04-12 08:50:00-07:00
1744472100000,0.4474,1.5659,0,0,1,277,58.6,85,29.94,30.0134,324,291600,906,1107000,58.6,54.1,2025-04-01T21:20:00.000Z,2025-04-12,,,,2025-04-12 08:35:00-07:00
1744471200000,0.2237,1.5659,0,0,1,277,57.9,86,29.94,30.0135,269,242100,637,815400,57.9,53.74,2025-04-01T21:20:00.000Z,2025-04-12,,,,2025-04-12 08:20:00-07:00
1744470300000,0.0,1.3422,0,0,1,277,57.2,89,29.94,30.0136,235,211500,218,407700,57.2,53.99,2025-04-01T21:20:00.000Z,2025-04-12,,,,2025-04-12 08:05:00-07:00
1744469400000,0.2237,2.2369,0,0,1,277,55.6,91,29.94,30.0139,184,165600,453,361800,55.6,53.01,,2025-04-12,4.24,America/Los_Angeles,True,2025-04-12 07:50:00-07:00
1744468500000,0.0,1.3422,0,0,1,277,53.6,93,29.94,30.0142,134,120600,84,196200,53.6,51.62,2025-04-01T21:20:00.000Z,2025-04-12,,,,2025-04-12 07:35:00-07:00
1744467600000,0.0,0.8948,0,0,1,277,52.5,94,29.94,30.0143,55,49500,29,75600,52.5,50.82,2025-04-01T21:20:00.000Z,2025-04-12,,,,2025-04-12 07:20:00-07:00
1744466700000,0.0,1.1185,0,0,1,277,52.0,95,29.93,30.0044,20,18000,9,26100,52.0,50.61,2025-04-01T21:20:00.000Z,2025-04-12,,,,2025-04-12 07:05:00-07:00
1744465800000,0.0,0.0,0,0,1,277,51.8,94,29.93,30.0044,9,8100,0,8100,51.8,50.13,2025-04-01T21:20:00.000Z,2025-04-12,4.24,,,2025-04-12 06:50:00-07:00
1744464900000,0.0,0.0,0,0,1,277,52.3,94,29.93,30.0043,0,0,0,0,52.3,50.62,2025-04-01T21:20:00.000Z,2025-04-12,,,,2025-04-12 06:35:00-07:00
1744464000000,0.0,0.0,0,0,1,277,52.5,94,29.92,29.9943,0,0,0,0,52.5,50.82,2025-04-01T21:20:00.000Z,2025-04-12,,,,2025-04-12 06:20:00-07:00
1744463100000,0.0,0.0,0,0,1,277,52.7,94,29.92,29.9942,0,0,0,0,52.7,51.02,2025-04-01T21:20:00.000Z,2025-04-12,,,,2025-04-12 06:05:00-07:00
1744462200000,1.1185,3.5791,0,0,1,277,53.8,94,29.92,29.9941,0,0,0,0,53.8,52.11,2025-04-01T21:20:00.000Z,2025-04-12,4.25,,,2025-04-12 05:50:00-07:00
1744461300000,2.0132,4.0265,0,0,1,277,54.5,94,29.92,29.994,0,0,0,0,54.5,52.81,2025-04-01T21:20:00.000Z,2025-04-12,,,,2025-04-12 05:35:00-07:00
1744460400000,1.3422,3.5791,0,0,1,277,55.0,94,29.91,29.9839,0,0,0,0,55.0,53.3,2025-04-01T21:20:00.000Z,2025-04-12,,,,2025-04-12 05:20:00-07:00
1744459500000,2.2369,5.5923,0,0,1,277,55.0,93,29.91,29.9839,0,0,0,0,55.0,53.01,2025-04-01T21:20:00.000Z,2025-04-12,,,,2025-04-12 05:05:00-07:00
1744458600000,1.3422,4.4739,0,0,1,48,54.5,92,29.91,29.984,0,0,0,0,54.5,52.22,2025-04-01T21:20:00.000Z,2025-04-12,4.25,,,2025-04-12 04:50:00-07:00
1744457700000,0.0,1.5659,0,0,1,105,54.3,91,29.91,29.984,0,0,0,0,54.3,51.73,2025-04-01T21:20:00.000Z,2025-04-12,,,,2025-04-12 04:35:00-07:00
1744456800000,0.0,0.0,0,0,1,105,54.5,90,29.91,29.984,0,0,0,0,54.5,51.63,2025-04-01T21:20:00.000Z,2025-04-12,,,,2025-04-12 04:20:00-07:00
1744455900000,0.0,0.0,0,0,1,105,55.2,91,29.9,29.9738,0,0,0,0,55.2,52.62,2025-04-01T21:20:00.000Z,2025-04-12,,,,2025-04-12 04:05:00-07:00
1744455000000,0.0,0.0,0,0,1,105,55.0,91,29.9,29.9739,0,0,0,0,55.0,52.42,2025-04-01T21:20:00.000Z,2025-04-12,4.26,,,2025-04-12 03:50:00-07:00
1744454100000,0.0,0.0,0,0,1,105,55.0,91,29.9,29.9739,0,0,0,0,55.0,52.42,2025-04-01T21:20:00.000Z,2025-04-12,,,,2025-04-12 03:35:00-07:00
1744453200000,0.0,0.0,0,0,1,105,55.0,91,29.9,29.9739,0,0,0,0,55.0,52.42,2025-04-01T21:20:00.000Z,2025-04-12,,,,2025-04-12 03:20:00-07:00
1744452300000,0.0,2.0132,0,0,1,105,55.2,92,29.91,29.9839,0,0,0,0,55.2,52.92,2025-04-01T21:20:00.000Z,2025-04-12,,,,2025-04-12 03:05:00-07:00
1744451400000,0.0,1.1185,0,0,1,105,54.9,92,29.91,29.9839,0,0,0,0,54.9,52.62,2025-04-01T21:20:00.000Z,2025-04-12,4.27,,,2025-04-12 02:50:00-07:00
1744450500000,0.0,0.0,0,0,1,105,54.3,92,29.9,29.974,0,0,0,0,54.3,52.02,2025-04-01T21:20:00.000Z,2025-04-12,,,,2025-04-12 02:35:00-07:00
1744449600000,0.0,1.1185,0,0,1,105,54.3,93,29.91,29.984,0,0,0,0,54.3,52.32,2025-04-01T21:20:00.000Z,2025-04-12,,,,2025-04-12 02:20:00-07:00
1744448700000,0.0,0.0,0,0,1,105,54.3,93,29.91,29.984,0,0,0,0,54.3,52.32,2025-04-01T21:20:00.000Z,2025-04-12,,,,2025-04-12 02:05:00-07:00
1744447800000,0.0,0.0,0,0,1,105,54.0,93,29.91,29.984,0,0,0,0,54.0,52.02,2025-04-01T21:20:00.000Z,2025-04-12,4.27,,,2025-04-12 01:50:00-07:00
1744446900000,0.0,0.0,0,0,1,105,54.0,93,29.91,29.984,0,0,0,0,54.0,52.02,2025-04-01T21:20:00.000Z,2025-04-12,,,,2025-04-12 01:35:00-07:00
1744446000000,0.0,0.0,0,0,1,105,54.0,93,29.91,29.984,0,0,0,0,54.0,52.02,2025-04-01T21:20:00.000Z,2025-04-12,,,,2025-04-12 01:20:00-07:00
1744445100000,0.0,0.0,0,0,1,105,53.8,93,29.92,29.9941,0,0,0,0,53.8,51.82,2025-04-01T21:20:00.000Z,2025-04-12,,,,2025-04-12 01:05:00-07:00
1744444200000,0.0,0.0,0,0,1,105,54.0,93,29.92,29.994,0,0,0,0,54.0,52.02,2025-04-01T21:20:00.000Z,2025-04-12,4.28,,,2025-04-12 00:50:00-07:00
1744443300000,0.0,2.0132,0,0,1,105,54.3,93,29.92,29.994,0,0,0,0,54.3,52.32,2025-04-01T21:20:00.000Z,2025-04-12,,,,2025-04-12 00:35:00-07:00
1744442400000,0.0,0.0,0,0,1,105,54.7,92,29.92,29.9939,0,0,0,0,54.7,52.42,2025-04-01T21:20:00.000Z,2025-04-12,,,,2025-04-12 00:20:00-07:00
1744441500000,0.0,0.0,0,0,1,105,55.0,92,29.92,29.9939,0,0,0,0,55.0,52.72,2025-04-01T21:20:00.000Z,2025-04-12,,,,2025-04-12 00:05:00-07:00
