dateutc,windspeedmph,windgustmph,hourlyrainin,dailyrainin,trustdevicetime,winddir,tempf,humidity,baromabsin,baromrelin,solarradiation,sis,sds,solarradday,tz,historical,feelsLike,dewPoint,date,batt1volts,local_time
1747983000000,0.0,0.0,0,0,1,87,56.8,91,29.9,29.9736,0,0,0,25449300,America/Los_Angeles,True,56.8,54.2,2025-05-22,,2025-05-22 23:50:00-07:00
1747982100000,0.0,0.0,0,0,1,87,57.2,90,29.9,29.9735,0,0,0,25449300,America/Los_Angeles,True,57.2,54.29,2025-05-22,,2025-05-22 23:35:00-07:00
1747981200000,0.0,0.0,0,0,1,87,58.3,90,29.9,29.9734,0,0,28277,25449300,,,58.3,55.38,2025-05-22,,2025-05-22 23:20:00-07:00
1747980300000,0.0,3.1317,0,0,1,87,59.2,90,29.9,29.9733,0,0,28277,25449300,,,59.2,56.27,2025-05-22,,2025-05-22 23:05:00-07:00
1747979400000,0.4474,3.1317,0,0,1,96,59.0,91,29.9,29.9733,0,0,28277,25449300,,,59.0,56.37,2025-05-22,4.29,2025-05-22 22:50:00-07:00
1747978500000,0.0,1.7895,0,0,1,107,58.5,91,29.9,29.9734,0,0,28277,25449300,,,58.5,55.88,2025-05-22,,2025-05-22 22:35:00-07:00
1747977600000,0.0,0.0,0,0,1,107,58.5,91,29.9,29.9734,0,0,28277,25449300,,,58.5,55.88,2025-05-22,,2025-05-22 22:20:00-07:00
1747976700000,0.0,0.0,0,0,1,107,58.8,91,29.9,29.9733,0,0,28277,25449300,,,58.8,56.18,2025-05-22,,2025-05-22 22:05:00-07:00
1747975800000,0.0,1.5659,0,0,1,107,58.8,90,29.89,29.9633,0,0,28277,25449300,,,58.8,55.87,2025-05-22,4.3,2025-05-22 21:50:00-07:00
1747974900000,0.0,1.5659,0,0,1,107,59.4,90,29.89,29.9632,0,0,28277,25449300,,,59.4,56.46,2025-05-22,,2025-05-22 21:35:00-07:00
1747974000000,0.0,1.5659,0,0,1,107,59.7,90,29.89,29.9632,0,0,28277,25449300,,,59.7,56.76,2025-05-22,,2025-05-22 21:20:00-07:00
1747973100000,0.0,2.2369,0,0,1,107,59.9,89,29.89,29.9631,0,0,28277,25449300,,,59.9,56.65,2025-05-22,,2025-05-22 21:05:00-07:00
1747972200000,0.0,1.5659,0,0,1,107,59.9,88,29.88,29.9531,0,0,28277,25449300,,,59.9,56.33,2025-05-22,4.31,2025-05-22 20:50:00-07:00
1747971300000,1.3422,3.8028,0,0,1,107,59.7,88,29.88,29.9531,0,0,28277,25449300,,,59.7,56.14,2025-05-22,,2025-05-22 20:35:00-07:00
1747970400000,2.2369,5.5923,0,0,1,107,60.1,86,29.88,29.9531,0,0,28277,25449300,,,60.1,55.9,2025-05-22,,2025-05-22 20:20:00-07:00
1747969500000,2.4606,6.0397,0,0,1,107,60.8,85,29.88,29.953,4,3600,28273,25449300,,,60.8,56.26,2025-05-22,,2025-05-22 20:05:00-07:00
1747968600000,2.4606,6.0397,0,0,1,107,61.7,84,29.87,29.9428,14,12600,28259,25445700,,,61.7,56.81,2025-05-22,4.31,2025-05-22 19:50:00-07:00
1747967700000,2.2369,4.0265,0,0,1,109,63.1,81,29.86,29.9326,36,32400,28223,25433100,,,63.1,57.17,2025-05-22,,2025-05-22 19:35:00-07:00
1747966800000,2.2369,4.4739,0,0,1,112,64.0,80,29.86,29.9325,74,66600,28149,25400700,,,64.0,57.7,2025-05-22,,2025-05-22 19:20:00-07:00
1747965900000,1.7895,4.6976,0,0,1,139,64.6,78,29.86,29.9324,110,99000,28039,25334100,,,64.6,57.58,2025-05-22,,2025-05-22 19:05:00-07:00
1747965000000,1.5659,4.2502,0,0,1,208,64.0,81,29.87,29.9425,150,135000,27889,25235100,,,64.0,58.05,2025-05-22,4.33,2025-05-22 18:50:00-07:00
1747964100000,1.5659,4.6976,0,0,1,208,63.5,81,29.87,29.9426,194,174600,27695,25100100,,,63.5,57.56,2025-05-22,,2025-05-22 18:35:00-07:00
1747963200000,1.5659,5.145,0,0,1,208,63.3,82,29.87,29.9426,204,183600,27289,24743700,,,63.3,57.71,2025-05-22,,2025-05-22 18:20:00-07:00
1747962300000,2.0132,4.6976,0,0,1,208,63.3,81,29.87,29.9426,202,181800,27493,24741900,America/Los_Angeles,True,63.3,57.37,2025-05-22,,2025-05-22 18:05:00-07:00
1747961400000,3.1317,5.3686,0,0,1,206,63.7,81,29.87,29.9426,309,278100,26980,24560100,,,63.7,57.76,2025-05-22,,2025-05-22 17:50:00-07:00
1747960500000,3.8028,6.2634,0,0,1,204,63.5,81,29.87,29.9426,321,288900,26233,23898600,,,63.5,57.56,2025-05-22,,2025-05-22 17:35:00-07:00
1747959600000,4.4739,7.3819,0,0,1,210,63.9,80,29.87,29.9425,426,383400,26554,23993100,America/Los_Angeles,True,63.9,57.6,2025-05-22,,2025-05-22 17:20:00-07:00
1747958700000,4.2502,7.1582,0,0,1,216,64.2,79,29.88,29.9525,459,413100,25774,23609700,,,64.2,57.55,2025-05-22,4.38,2025-05-22 17:05:00-07:00
1747957800000,4.6976,7.6056,0,0,1,219,64.4,79,29.88,29.9525,519,467100,25255,23196600,,,64.4,57.74,2025-05-22,,2025-05-22 16:50:00-07:00
1747956900000,4.4739,7.6056,0,0,1,207,64.4,79,29.88,29.9525,565,508500,24690,22729500,,,64.4,57.74,2025-05-22,,2025-05-22 16:35:00-07:00
1747956000000,4.9213,7.8293,0,0,1,223,64.6,78,29.88,29.9525,610,549000,24080,22221000,,,64.6,57.58,2025-05-22,,2025-05-22 16:20:00-07:00
1747955100000,4.6976,7.6056,0,0,1,228,64.8,78,29.88,29.9524,651,585900,23429,21672000,,,64.8,57.77,2025-05-22,4.38,2025-05-22 16:05:00-07:00
1747954200000,4.6976,7.6056,0,0,1,221,64.6,78,29.89,29.9625,689,620100,22740,21086100,,,64.6,57.58,2025-05-22,,2025-05-22 15:50:00-07:00
1747953300000,5.145,8.9477,0,0,1,237,65.1,77,29.89,29.9624,726,653400,22014,20466000,,,65.1,57.7,2025-05-22,,2025-05-22 15:35:00-07:00
1747952400000,4.9213,9.6188,0,0,1,243,65.5,77,29.9,29.9724,758,682200,21256,19812600,,,65.5,58.09,2025-05-22,,2025-05-22 15:20:00-07:00
1747951500000,5.5923,8.2767,0,0,1,231,65.3,77,29.9,29.9724,801,720900,20455,19130400,,,65.3,57.9,2025-05-22,4.39,2025-05-22 15:05:00-07:00
1747950600000,5.5923,8.2767,0,0,1,217,65.3,77,29.9,29.9724,831,747900,19624,18409500,,,65.3,57.9,2025-05-22,,2025-05-22 14:50:00-07:00
1747949700000,5.145,8.5004,0,0,1,215,65.7,76,29.9,29.9723,836,752400,18788,17661600,,,65.7,57.92,2025-05-22,,2025-05-22 14:35:00-07:00
1747948800000,4.6976,7.8293,0,0,1,219,65.8,76,29.9,29.9723,864,777600,17924,16909200,,,65.8,58.02,2025-05-22,,2025-05-22 14:20:00-07:00
1747947900000,4.6976,8.5004,0,0,1,221,66.6,74,29.91,29.9822,885,796500,17039,16131600,,,66.6,58.05,2025-05-22,4.39,2025-05-22 14:05:00-07:00
1747947000000,4.9213,8.053,0,0,1,224,66.2,76,29.91,29.9823,900,810000,16139,15335100,,,66.2,58.4,2025-05-22,,2025-05-22 13:50:00-07:00
1747946100000,6.0397,8.7241,0,0,1,211,65.3,78,29.91,29.9824,915,823500,15224,14525100,,,65.3,58.26,2025-05-22,,2025-05-22 13:35:00-07:00
1747945200000,5.5923,8.9477,0,0,1,211,65.3,77,29.91,29.9824,918,826200,14306,13701600,,,65.3,57.9,2025-05-22,,2025-05-22 13:20:00-07:00
1747944300000,5.145,8.5004,0,0,1,202,65.5,77,29.91,29.9824,917,825300,13389,12875400,,,65.5,58.09,2025-05-22,4.39,2025-05-22 13:05:00-07:00
1747943400000,6.2634,8.7241,0,0,1,212,65.7,77,29.91,29.9824,916,824400,12473,12050100,,,65.7,58.29,2025-05-22,,2025-05-22 12:50:00-07:00
1747942500000,6.0397,8.7241,0,0,1,212,65.7,77,29.91,29.9824,914,822600,11559,11225700,,,65.7,58.29,2025-05-22,,2025-05-22 12:35:00-07:00
1747941600000,5.3686,8.9477,0,0,1,207,66.6,75,29.92,29.9923,913,821700,10646,10403100,,,66.6,58.42,2025-05-22,,2025-05-22 12:20:00-07:00
1747940700000,5.816,8.7241,0,0,1,199,65.8,77,29.92,29.9924,903,812700,9743,9581400,,,65.8,58.38,2025-05-22,4.41,2025-05-22 12:05:00-07:00
1747939800000,5.145,8.5004,0,0,1,172,66.2,76,29.92,29.9923,857,771300,8886,8768700,,,66.2,58.4,2025-05-22,,2025-05-22 11:50:00-07:00
1747938900000,5.816,9.3951,0,0,1,171,66.0,76,29.92,29.9924,856,770400,8030,7997400,,,66.0,58.21,2025-05-22,,2025-05-22 11:35:00-07:00
1747938000000,5.145,9.1714,0,0,1,171,65.5,77,29.92,29.9924,846,761400,7184,7227000,,,65.5,58.09,2025-05-22,,2025-05-22 11:20:00-07:00
1747937100000,6.4871,9.3951,0,0,1,172,65.3,77,29.91,29.9824,819,737100,5573,5752800,,,65.3,57.9,2025-05-22,4.51,2025-05-22 11:05:00-07:00
1747936200000,6.0397,10.0662,0,0,1,170,65.1,78,29.91,29.9825,792,712800,6392,5728500,America/Los_Angeles,True,65.1,58.06,2025-05-22,,2025-05-22 10:50:00-07:00
1747935300000,5.816,8.9477,0,0,1,166,65.1,78,29.91,29.9825,762,685800,4811,5015700,,,65.1,58.06,2025-05-22,,2025-05-22 10:35:00-07:00
1747934400000,5.816,10.0662,0,0,1,162,64.9,78,29.91,29.9825,727,654300,4084,4329900,,,64.9,57.87,2025-05-22,4.5,2025-05-22 10:20:00-07:00
1747933500000,6.2634,9.8425,0,0,1,153,64.4,79,29.91,29.9826,687,618300,3397,3675600,,,64.4,57.74,2025-05-22,,2025-05-22 10:05:00-07:00
1747932600000,5.3686,10.0662,0,0,1,169,63.3,82,29.91,29.9827,644,579600,2753,3057300,,,63.3,57.71,2025-05-22,,2025-05-22 09:50:00-07:00
1747931700000,5.145,8.5004,0,0,1,170,63.1,82,29.91,29.9827,581,522900,2172,2477700,,,63.1,57.51,2025-05-22,,2025-05-22 09:35:00-07:00
1747930800000,4.6976,8.5004,0,0,1,163,63.1,84,29.91,29.9827,562,505800,1610,1954800,,,63.1,58.18,2025-05-22,4.46,2025-05-22 09:20:00-07:00
1747929900000,4.9213,8.9477,0,0,1,141,61.3,88,29.91,29.983,394,354600,1216,1449000,,,61.3,57.71,2025-05-22,,2025-05-22 09:05:00-07:00
1747929000000,4.2502,7.3819,0,0,1,138,60.6,91,29.91,29.9831,243,218700,973,1094400,,,60.6,57.96,2025-05-22,,2025-05-22 08:50:00-07:00
1747928100000,3.8028,7.1582,0,0,1,134,59.9,92,29.91,29.9832,194,174600,779,875700,,,59.9,57.57,2025-05-22,,2025-05-22 08:35:00-07:00
1747927200000,2.0132,4.6976,0,0,1,114,59.4,93,29.91,29.9833,142,127800,637,701100,,,59.4,57.37,2025-05-22,4.24,2025-05-22 08:20:00-07:00
1747926300000,0.8948,3.5791,0,0,1,114,59.2,92,29.91,29.9833,123,110700,514,573300,,,59.2,56.88,2025-05-22,,2025-05-22 08:05:00-07:00
1747925400000,2.4606,5.5923,0,0,1,114,58.8,91,29.91,29.9833,128,115200,386,462600,,,58.8,56.18,2025-05-22,,2025-05-22 07:50:00-07:00
1747924500000,1.3422,5.145,0,0,1,78,58.8,91,29.9,29.9733,122,109800,264,347400,,,58.8,56.18,2025-05-22,,2025-05-22 07:35:00-07:00
1747923600000,0.2237,2.4606,0,0,1,58,57.9,91,29.9,29.9734,99,89100,96,175500,,,57.9,55.29,2025-05-22,4.23,2025-05-22 07:20:00-07:00
1747922700000,0.4474,3.5791,0,0,1,58,56.8,91,29.89,29.9636,69,62100,195,148500,America/Los_Angeles,True,56.8,54.2,2025-05-22,,2025-05-22 07:05:00-07:00
1747921800000,0.4474,2.2369,0,0,1,58,55.9,91,29.88,29.9537,42,37800,54,86400,,,55.9,53.31,2025-05-22,,2025-05-22 06:50:00-07:00
1747920900000,0.2237,2.6843,0,0,1,58,55.4,92,29.88,29.9537,28,25200,26,48600,,,55.4,53.11,2025-05-22,,2025-05-22 06:35:00-07:00
1747920000000,0.8948,2.4606,0,0,1,58,55.2,92,29.87,29.9438,19,17100,7,23400,,,55.2,52.92,2025-05-22,4.24,2025-05-22 06:20:00-07:00
1747919100000,0.0,1.1185,0,0,1,58,54.7,92,29.87,29.9438,6,5400,1,6300,,,54.7,52.42,2025-05-22,,2025-05-22 06:05:00-07:00
1747918200000,0.4474,3.1317,0,0,1,58,55.0,92,29.87,29.9438,1,900,0,900,,,55.0,52.72,2025-05-22,,2025-05-22 05:50:00-07:00
1747917300000,0.8948,4.2502,0,0,1,58,55.2,92,29.87,29.9438,0,0,0,0,,,55.2,52.92,2025-05-22,,2025-05-22 05:35:00-07:00
1747916400000,0.8948,3.1317,0,0,1,58,55.4,92,29.86,29.9337,0,0,0,0,,,55.4,53.11,2025-05-22,4.25,2025-05-22 05:20:00-07:00
1747915500000,0.2237,3.1317,0,0,1,58,54.7,92,29.86,29.9338,0,0,0,0,,,54.7,52.42,2025-05-22,,2025-05-22 05:05:00-07:00
1747914600000,0.4474,2.6843,0,0,1,58,55.2,92,29.86,29.9337,0,0,0,0,,,55.2,52.92,2025-05-22,,2025-05-22 04:50:00-07:00
1747913700000,0.2237,2.2369,0,0,1,58,55.2,92,29.85,29.9237,0,0,0,0,,,55.2,52.92,2025-05-22,,2025-05-22 04:35:00-07:00
1747912800000,0.2237,2.908,0,0,1,58,55.4,92,29.85,29.9237,0,0,0,0,,,55.4,53.11,2025-05-22,4.26,2025-05-22 04:20:00-07:00
1747911900000,0.2237,2.2369,0,0,1,58,55.4,93,29.85,29.9237,0,0,0,0,,,55.4,53.41,2025-05-22,,2025-05-22 04:05:00-07:00
1747911000000,0.2237,2.4606,0,0,1,58,55.6,93,29.85,29.9236,0,0,0,0,,,55.6,53.61,2025-05-22,,2025-05-22 03:50:00-07:00
1747910100000,0.0,1.5659,0,0,1,58,55.2,92,29.85,29.9237,0,0,0,0,,,55.2,52.92,2025-05-22,,2025-05-22 03:35:00-07:00
1747909200000,0.0,2.0132,0,0,1,58,56.3,92,29.85,29.9235,0,0,0,0,,,56.3,54.0,2025-05-22,4.27,2025-05-22 03:20:00-07:00
1747908300000,0.0,1.5659,0,0,1,58,56.1,92,29.85,29.9236,0,0,0,0,,,56.1,53.81,2025-05-22,,2025-05-22 03:05:00-07:00
1747907400000,0.2237,2.0132,0,0,1,58,55.4,91,29.84,29.9136,0,0,0,0,,,55.4,52.82,2025-05-22,,2025-05-22 02:50:00-07:00
1747906500000,0.2237,2.4606,0,0,1,58,55.9,91,29.84,29.9136,0,0,0,0,,,55.9,53.31,2025-05-22,,2025-05-22 02:35:00-07:00
1747905600000,0.0,0.0,0,0,1,58,55.6,91,29.85,29.9236,0,0,0,0,,,55.6,53.01,2025-05-22,4.27,2025-05-22 02:20:00-07:00
1747904700000,0.0,3.5791,0,0,1,58,55.9,91,29.85,29.9236,0,0,0,0,,,55.9,53.31,2025-05-22,,2025-05-22 02:05:00-07:00
1747903800000,0.0,2.0132,0,0,1,58,56.1,91,29.84,29.9135,0,0,0,0,,,56.1,53.51,2025-05-22,,2025-05-22 01:50:00-07:00
1747902900000,0.2237,3.3554,0,0,1,106,56.1,91,29.84,29.9135,0,0,0,0,,,56.1,53.51,2025-05-22,,2025-05-22 01:35:00-07:00
1747902000000,0.0,0.0,0,0,1,153,55.9,91,29.85,29.9236,0,0,0,0,,,55.9,53.31,2025-05-22,4.28,2025-05-22 01:20:00-07:00
1747901100000,0.0,0.0,0,0,1,153,56.7,90,29.85,29.9235,0,0,0,0,,,56.7,53.8,2025-05-22,,2025-05-22 01:05:00-07:00
1747900200000,0.0,1.1185,0,0,1,153,57.0,90,29.85,29.9234,0,0,0,0,,,57.0,54.09,2025-05-22,,2025-05-22 00:50:00-07:00
1747899300000,0.0,0.0,0,0,1,153,57.2,90,29.85,29.9234,0,0,0,0,,,57.2,54.29,2025-05-22,,2025-05-22 00:35:00-07:00
1747898400000,0.0,0.0,0,0,1,153,57.2,90,29.86,29.9334,0,0,0,0,,,57.2,54.29,2025-05-22,4.28,2025-05-22 00:20:00-07:00
1747897500000,0.0,2.2369,0,0,1,153,57.4,90,29.86,29.9334,0,0,0,0,,,57.4,54.49,2025-05-22,,2025-05-22 00:05:00-07:00
