dateutc,windspeedmph,windgustmph,hourlyrainin,dailyrainin,trustdevicetime,winddir,tempf,humidity,baromabsin,baromrelin,solarradiation,sis,sds,solarradday,feelsLike,dewPoint,date,batt1volts,tz,historical,lastRain,local_time
1746773400000,0.6711,3.1317,0,0,1,60,55.4,92,30.0,30.074,0,0,24898,22408200,55.4,53.11,2025-05-08,,,,,2025-05-08 23:50:00-07:00
1746772500000,0.0,1.5659,0,0,1,60,55.4,92,30.0,30.074,0,0,24898,22408200,55.4,53.11,2025-05-08,,,,,2025-05-08 23:35:00-07:00
1746771600000,0.0,2.6843,0,0,1,60,55.9,92,30.0,30.074,0,0,24898,22408200,55.9,53.61,2025-05-08,4.29,,,,2025-05-08 23:20:00-07:00
1746770700000,0.8948,5.3686,0,0,1,64,56.1,92,30.0,30.0739,0,0,24898,22408200,56.1,53.81,2025-05-08,,,,,2025-05-08 23:05:00-07:00
1746769800000,0.0,1.5659,0,0,1,232,55.9,92,30.0,30.074,0,0,24898,22408200,55.9,53.61,2025-05-08,,,,,2025-05-08 22:50:00-07:00
1746768900000,0.0,1.3422,0,0,1,232,55.9,92,30.0,30.074,0,0,24898,22408200,55.9,53.61,2025-05-08,,,,,2025-05-08 22:35:00-07:00
1746768000000,0.0,1.3422,0,0,1,232,55.8,92,30.0,30.074,0,0,24898,22408200,55.8,53.51,2025-05-08,4.3,,,,2025-05-08 22:20:00-07:00
1746767100000,0.0,1.3422,0,0,1,256,55.6,92,30.0,30.074,0,0,24898,22408200,55.6,53.31,2025-05-08,,,,,2025-05-08 22:05:00-07:00
1746766200000,0.0,0.0,0,0,1,257,55.6,92,30.0,30.074,0,0,24898,22408200,55.6,53.31,2025-05-08,,,,,2025-05-08 21:50:00-07:00
1746765300000,0.0,0.0,0,0,1,257,55.4,92,29.99,30.064,0,0,24898,22408200,55.4,53.11,2025-05-08,,,,,2025-05-08 21:35:00-07:00
1746764400000,0.0,0.0,0,0,1,257,55.2,92,29.99,30.064,0,0,24898,22408200,55.2,52.92,2025-05-08,4.31,,,,2025-05-08 21:20:00-07:00
1746763500000,0.0,0.0,0,0,1,257,55.0,92,29.98,30.0541,0,0,24898,22408200,55.0,52.72,2025-05-08,,,,,2025-05-08 21:05:00-07:00
1746762600000,0.0,0.0,0,0,1,257,55.0,91,29.98,30.0541,0,0,24898,22408200,55.0,52.42,2025-05-08,,,,,2025-05-08 20:50:00-07:00
1746761700000,0.2237,1.1185,0,0,1,257,55.6,90,29.98,30.054,0,0,24898,22408200,55.6,52.71,2025-05-08,,,,,2025-05-08 20:35:00-07:00
1746760800000,0.0,0.0,0,0,1,257,56.3,90,29.98,30.0539,0,0,24898,22408200,56.3,53.4,2025-05-08,4.31,,,,2025-05-08 20:20:00-07:00
1746759900000,1.1185,3.1317,0,0,1,257,56.7,90,29.98,30.0538,0,0,24898,22408200,56.7,53.8,2025-05-08,,,,,2025-05-08 20:05:00-07:00
1746759000000,2.4606,4.9213,0,0,1,257,56.8,89,29.98,30.0538,6,5400,24892,22408200,56.8,53.59,2025-05-08,,,,,2025-05-08 19:50:00-07:00
1746758100000,3.1317,6.4871,0,0,1,257,57.4,88,29.98,30.0537,19,17100,24873,22402800,57.4,53.87,2025-05-08,,,,,2025-05-08 19:35:00-07:00
1746757200000,3.8028,7.1582,0,0,1,261,58.1,87,29.98,30.0536,50,45000,24823,22385700,58.1,54.25,2025-05-08,4.32,,,,2025-05-08 19:20:00-07:00
1746756300000,4.4739,9.1714,0,0,1,257,58.6,86,29.98,30.0535,82,73800,24741,22340700,58.6,54.42,2025-05-08,,,,,2025-05-08 19:05:00-07:00
1746755400000,4.9213,9.6188,0,0,1,263,59.4,85,29.98,30.0534,121,108900,24620,22266900,59.4,54.89,2025-05-08,,,,,2025-05-08 18:50:00-07:00
1746754500000,5.3686,10.0662,0,0,1,257,60.1,84,29.98,30.0533,163,146700,24457,22158000,60.1,55.25,2025-05-08,,,,,2025-05-08 18:35:00-07:00
1746753600000,5.3686,10.5136,0,0,1,262,60.6,83,29.98,30.0533,208,187200,24249,22011300,60.6,55.41,2025-05-08,4.36,,,,2025-05-08 18:20:00-07:00
1746752700000,5.5923,11.6321,0,0,1,264,61.2,81,29.98,30.0532,256,230400,23993,21824100,61.2,55.32,2025-05-08,,,,,2025-05-08 18:05:00-07:00
1746751800000,6.2634,10.961,0,0,1,261,61.9,80,29.99,30.0631,306,275400,23330,21272400,61.9,55.66,2025-05-08,,,,,2025-05-08 17:50:00-07:00
1746750900000,4.6976,9.8425,0,0,1,263,62.8,79,29.98,30.0529,357,321300,23636,21318300,62.8,56.19,2025-05-08,,America/Los_Angeles,True,,2025-05-08 17:35:00-07:00
1746750000000,5.816,10.5136,0,0,1,254,63.1,78,29.99,30.0629,406,365400,22924,20997000,63.1,56.12,2025-05-08,4.38,,,,2025-05-08 17:20:00-07:00
1746749100000,6.4871,10.7373,0,0,1,253,63.5,78,29.99,30.0629,457,411300,22467,20631600,63.5,56.51,2025-05-08,,,,,2025-05-08 17:05:00-07:00
1746748200000,5.816,10.2899,0,0,1,249,64.2,77,29.99,30.0628,505,454500,21962,20220300,64.2,56.83,2025-05-08,,,,,2025-05-08 16:50:00-07:00
1746747300000,6.2634,12.0795,0,0,1,258,64.4,76,29.99,30.0627,551,495900,21411,19765800,64.4,56.66,2025-05-08,,,,,2025-05-08 16:35:00-07:00
1746746400000,6.7108,12.0795,0,0,1,245,64.4,76,29.99,30.0627,594,534600,20817,19269900,64.4,56.66,2025-05-08,4.38,,,,2025-05-08 16:20:00-07:00
1746745500000,6.2634,11.8558,0,0,1,258,64.8,74,29.99,30.0627,638,574200,20179,18735300,64.8,56.31,2025-05-08,,,,,2025-05-08 16:05:00-07:00
1746744600000,6.2634,10.7373,0,0,1,263,64.6,74,30.0,30.0727,678,610200,19501,18161100,64.6,56.12,2025-05-08,,,,,2025-05-08 15:50:00-07:00
1746743700000,6.4871,11.8558,0,0,1,260,64.8,75,30.0,30.0727,715,643500,18786,17550900,64.8,56.68,2025-05-08,,,,,2025-05-08 15:35:00-07:00
1746742800000,6.4871,11.8558,0,0,1,250,64.4,77,30.0,30.0728,751,675900,18035,16907400,64.4,57.03,2025-05-08,4.38,,,,2025-05-08 15:20:00-07:00
1746741900000,6.0397,11.4084,0,0,1,250,64.0,78,30.01,30.0829,784,705600,17251,16231500,64.0,57.0,2025-05-08,,,,,2025-05-08 15:05:00-07:00
1746741000000,6.2634,12.0795,0,0,1,269,63.0,80,30.01,30.083,813,731700,16438,15525900,63.0,56.73,2025-05-08,,,,,2025-05-08 14:50:00-07:00
1746740100000,6.4871,11.4084,0,0,1,260,62.6,80,30.01,30.083,819,737100,15619,14794200,62.6,56.34,2025-05-08,,,,,2025-05-08 14:35:00-07:00
1746739200000,5.816,11.1847,0,0,1,250,63.1,80,30.02,30.093,831,747900,14788,14057100,63.1,56.83,2025-05-08,4.39,,,,2025-05-08 14:20:00-07:00
1746738300000,6.0397,12.5268,0,0,1,262,63.3,79,30.02,30.093,896,806400,13892,13309200,63.3,56.67,2025-05-08,,,,,2025-05-08 14:05:00-07:00
1746737400000,6.4871,11.8558,0,0,1,270,62.2,80,30.03,30.1032,842,757800,13050,12502800,62.2,55.95,2025-05-08,,,,,2025-05-08 13:50:00-07:00
1746736500000,6.9345,12.7505,0,0,1,249,62.8,79,30.03,30.1031,793,713700,12257,11745000,62.8,56.19,2025-05-08,,,,,2025-05-08 13:35:00-07:00
1746735600000,5.816,10.7373,0,0,1,263,63.5,78,30.04,30.113,909,818100,11348,11031300,63.5,56.51,2025-05-08,4.39,,,,2025-05-08 13:20:00-07:00
1746734700000,6.0397,11.6321,0,0,1,255,63.0,80,30.04,30.1131,867,780300,10481,10213200,63.0,56.73,2025-05-08,,,,,2025-05-08 13:05:00-07:00
1746733800000,6.4871,10.5136,0,0,1,251,61.7,81,30.04,30.1132,813,731700,8894,8736300,61.7,55.81,2025-05-08,,,,,2025-05-08 12:50:00-07:00
1746732900000,6.7108,11.6321,0,0,1,239,61.5,82,30.04,30.1133,774,696600,9707,8701200,61.5,55.95,2025-05-08,,America/Los_Angeles,True,,2025-05-08 12:35:00-07:00
1746732000000,6.0397,11.4084,0,0,1,236,61.3,82,30.05,30.1233,799,719100,8095,8004600,61.3,55.76,2025-05-08,4.41,,,,2025-05-08 12:20:00-07:00
1746731100000,5.5923,9.1714,0,0,1,234,61.0,82,30.06,30.1334,744,669600,7351,7285500,61.0,55.46,2025-05-08,,,,,2025-05-08 12:05:00-07:00
1746730200000,5.5923,8.9477,0,0,1,233,61.3,81,30.06,30.1334,714,642600,6637,6615900,61.3,55.42,2025-05-08,,,,,2025-05-08 11:50:00-07:00
1746729300000,4.2502,9.1714,0,0,1,229,61.0,82,30.06,30.1334,683,614700,5954,5973300,61.0,55.46,2025-05-08,,,,,2025-05-08 11:35:00-07:00
1746728400000,4.6976,8.7241,0,0,1,240,60.6,83,30.06,30.1334,667,600300,5287,5358600,60.6,55.41,2025-05-08,4.47,,,,2025-05-08 11:20:00-07:00
1746727500000,3.5791,8.5004,0,0,1,252,60.8,83,30.07,30.1434,606,545400,4681,4758300,60.8,55.6,2025-05-08,,,,,2025-05-08 11:05:00-07:00
1746726600000,3.3554,7.1582,0,0,1,241,59.2,87,30.07,30.1437,513,461700,4168,4212900,59.2,55.33,2025-05-08,,,,,2025-05-08 10:50:00-07:00
1746725700000,4.4739,7.6056,0,0,1,238,58.1,88,30.07,30.1438,416,374400,3752,3751200,58.1,54.56,2025-05-08,,,,,2025-05-08 10:35:00-07:00
1746724800000,4.2502,7.3819,0,0,1,242,58.1,88,30.07,30.1438,414,372600,3338,3376800,58.1,54.56,2025-05-08,4.55,,,,2025-05-08 10:20:00-07:00
1746723900000,4.4739,7.3819,0,0,1,231,57.7,89,30.07,30.1439,396,356400,2942,3004200,57.7,54.48,2025-05-08,,,,,2025-05-08 10:05:00-07:00
1746723000000,4.6976,7.8293,0,0,1,225,57.9,89,30.07,30.1439,381,342900,2561,2647800,57.9,54.68,2025-05-08,,,,,2025-05-08 09:50:00-07:00
1746722100000,3.8028,7.1582,0,0,1,253,58.3,89,30.06,30.1338,382,343800,2179,2304900,58.3,55.07,2025-05-08,,,,,2025-05-08 09:35:00-07:00
1746721200000,3.1317,6.9345,0,0,1,235,57.4,91,30.07,30.1439,389,350100,1790,1961100,57.4,54.79,2025-05-08,4.47,,,,2025-05-08 09:20:00-07:00
1746720300000,3.3554,5.816,0,0,1,237,56.8,93,30.07,30.144,322,289800,1468,1611000,56.8,54.8,2025-05-08,,,,,2025-05-08 09:05:00-07:00
1746719400000,2.908,6.0397,0,0,1,256,56.5,93,30.06,30.134,287,258300,1181,1321200,56.5,54.5,2025-05-08,,,,,2025-05-08 08:50:00-07:00
1746718500000,2.6843,5.816,0,0,1,249,56.5,94,30.06,30.134,241,216900,940,1062900,56.5,54.79,2025-05-08,,,,,2025-05-08 08:35:00-07:00
1746717600000,1.1185,4.4739,0,0,1,124,56.1,94,30.06,30.1341,242,217800,698,846000,56.1,54.4,2025-05-08,4.3,,,,2025-05-08 08:20:00-07:00
1746716700000,0.6711,1.5659,0,0,1,88,55.9,95,30.06,30.1341,169,152100,529,628200,55.9,54.49,2025-05-08,,,,,2025-05-08 08:05:00-07:00
1746715800000,0.0,0.0,0,0,1,88,56.3,95,30.06,30.1341,151,135900,378,476100,56.3,54.89,2025-05-08,,,,,2025-05-08 07:50:00-07:00
1746714900000,0.0,0.0,0,0,1,88,55.4,95,30.06,30.1342,149,134100,229,340200,55.4,53.99,2025-05-08,,,,,2025-05-08 07:35:00-07:00
1746714000000,0.0,0.0,0,0,1,88,53.6,96,30.05,30.1244,98,88200,131,206100,53.6,52.49,2025-05-08,4.24,,,,2025-05-08 07:20:00-07:00
1746713100000,0.0,0.0,0,0,1,88,52.2,96,30.05,30.1246,67,60300,64,117900,52.2,51.09,2025-05-08,,,,,2025-05-08 07:05:00-07:00
1746712200000,0.0,0.0,0,0,1,88,51.3,95,30.04,30.1147,36,32400,28,57600,51.3,49.92,2025-05-08,,,,,2025-05-08 06:50:00-07:00
1746711300000,0.0,0.0,0,0,1,88,50.9,95,30.04,30.1148,20,18000,8,25200,50.9,49.52,2025-05-08,,,,,2025-05-08 06:35:00-07:00
1746710400000,0.0,0.0,0,0,1,88,51.1,95,30.04,30.1148,7,6300,1,7200,51.1,49.72,2025-05-08,4.23,,,,2025-05-08 06:20:00-07:00
1746709500000,0.0,0.0,0,0,1,88,50.9,95,30.04,30.1148,1,900,0,900,50.9,49.52,2025-05-08,,,,,2025-05-08 06:05:00-07:00
1746708600000,0.0,0.0,0,0,1,88,50.9,94,30.03,30.1048,0,0,1,0,50.9,49.23,2025-05-08,,America/Los_Angeles,True,,2025-05-08 05:50:00-07:00
1746707700000,0.0,0.0,0,0,1,88,51.3,94,30.03,30.1047,0,0,0,0,51.3,49.63,2025-05-08,,,,,2025-05-08 05:35:00-07:00
1746706800000,0.0,0.0,0,0,1,88,51.1,94,30.03,30.1047,0,0,0,0,51.1,49.43,2025-05-08,4.25,,,,2025-05-08 05:20:00-07:00
1746705900000,0.0,0.0,0,0,1,88,51.6,94,30.03,30.1047,0,0,0,0,51.6,49.93,2025-05-08,,,,,2025-05-08 05:05:00-07:00
1746705000000,0.0,0.0,0,0,1,88,51.8,94,30.03,30.1046,0,0,0,0,51.8,50.13,2025-05-08,,,,,2025-05-08 04:50:00-07:00
1746704100000,0.0,0.0,0,0,1,88,52.3,94,30.02,30.0945,0,0,0,0,52.3,50.62,2025-05-08,,,,,2025-05-08 04:35:00-07:00
1746703200000,0.0,0.0,0,0,1,88,53.1,94,30.02,30.0944,0,0,0,0,53.1,51.42,2025-05-08,4.26,,,,2025-05-08 04:20:00-07:00
1746702300000,0.0,1.3422,0,0,1,88,53.2,94,30.02,30.0944,0,0,0,0,53.2,51.52,2025-05-08,,,,,2025-05-08 04:05:00-07:00
1746701400000,0.0,0.8948,0,0,1,88,53.4,93,30.02,30.0944,0,0,0,0,53.4,51.43,2025-05-08,,,,,2025-05-08 03:50:00-07:00
1746700500000,0.0,2.2369,0,0,1,88,53.8,93,30.02,30.0943,0,0,0,0,53.8,51.82,2025-05-08,,,,,2025-05-08 03:35:00-07:00
1746699600000,0.0,0.8948,0,0,1,88,54.0,93,30.03,30.1043,0,0,0,0,54.0,52.02,2025-05-08,4.27,,,,2025-05-08 03:20:00-07:00
1746698700000,0.0,1.3422,0,0,1,88,54.1,93,30.03,30.1043,0,0,0,0,54.1,52.12,2025-05-08,,,,,2025-05-08 03:05:00-07:00
1746697800000,0.4474,3.1317,0,0,1,88,54.5,92,30.03,30.1042,0,0,0,0,54.5,52.22,2025-05-08,,,,,2025-05-08 02:50:00-07:00
1746696900000,1.1185,3.5791,0,0,1,88,54.5,92,30.03,30.1042,0,0,0,0,54.5,52.22,2025-05-08,,,,,2025-05-08 02:35:00-07:00
1746696000000,1.1185,7.3819,0,0,1,75,54.5,92,30.02,30.0942,0,0,0,0,54.5,52.22,2025-05-08,4.27,,,,2025-05-08 02:20:00-07:00
1746695100000,1.1185,8.9477,0,0,1,53,54.1,92,30.03,30.1043,0,0,0,0,54.1,51.83,2025-05-08,,,,,2025-05-08 02:05:00-07:00
1746694200000,0.6711,4.2502,0,0,1,25,53.8,92,30.03,30.1043,0,0,0,0,53.8,51.53,2025-05-08,,America/Los_Angeles,True,,2025-05-08 01:50:00-07:00
1746693300000,0.2237,3.1317,0,0,1,53,53.6,92,30.03,30.1044,0,0,0,0,53.6,51.33,2025-05-08,,,,2025-04-26T15:20:00.000Z,2025-05-08 01:35:00-07:00
1746692400000,0.2237,2.6843,0,0,1,53,53.6,92,30.03,30.1044,0,0,0,0,53.6,51.33,2025-05-08,4.28,,,2025-04-26T15:20:00.000Z,2025-05-08 01:20:00-07:00
1746691500000,0.6711,3.5791,0,0,1,53,53.6,92,30.03,30.1044,0,0,0,0,53.6,51.33,2025-05-08,,,,2025-04-26T15:20:00.000Z,2025-05-08 01:05:00-07:00
1746690600000,0.0,1.5659,0,0,1,53,52.9,92,30.03,30.1045,0,0,0,0,52.9,50.64,2025-05-08,,,,2025-04-26T15:20:00.000Z,2025-05-08 00:50:00-07:00
1746689700000,0.2237,2.0132,0,0,1,53,53.1,91,30.03,30.1045,0,0,0,0,53.1,50.54,2025-05-08,,,,2025-04-26T15:20:00.000Z,2025-05-08 00:35:00-07:00
1746688800000,0.2237,2.2369,0,0,1,53,53.6,91,30.03,30.1044,0,0,0,0,53.6,51.04,2025-05-08,4.29,,,2025-04-26T15:20:00.000Z,2025-05-08 00:20:00-07:00
1746687900000,0.2237,2.4606,0,0,1,53,53.6,91,30.02,30.0944,0,0,0,0,53.6,51.04,2025-05-08,,,,2025-04-26T15:20:00.000Z,2025-05-08 00:05:00-07:00
