dateutc,windspeedmph,windgustmph,hourlyrainin,dailyrainin,trustdevicetime,winddir,tempf,humidity,batt1volts,baromabsin,baromrelin,solarradiation,sis,sds,solarradday,tz,historical,feelsLike,dewPoint,date,lastRain,local_time
1739864940000,0.0,0.0,0,0,1,272,49.3,83,4.29,29.95,30.0248,0,0,0,15166800,America/Los_Angeles,True,49.3,44.36,2025-02-17,,2025-02-17 23:49:00-08:00
1739864040000,0.0,0.8948,0,0,1,272,48.2,86,,29.95,30.025,0,0,0,15166800,America/Los_Angeles,True,48.2,44.21,2025-02-17,,2025-02-17 23:34:00-08:00
1739863140000,0.0,1.5659,0,0,1,272,48.9,85,4.29,29.95,30.0249,0,0,16852,15166800,,,48.9,44.59,2025-02-17,2025-02-14T20:54:00.000Z,2025-02-17 23:19:00-08:00
1739862240000,0.4474,3.1317,0,0,1,272,49.8,82,,29.95,30.0247,0,0,16852,15166800,,,49.8,44.53,2025-02-17,2025-02-14T20:54:00.000Z,2025-02-17 23:04:00-08:00
1739861340000,0.6711,3.1317,0,0,1,272,50.7,83,,29.95,30.0246,0,0,16852,15166800,,,50.7,45.73,2025-02-17,2025-02-14T20:54:00.000Z,2025-02-17 22:49:00-08:00
1739860440000,0.8948,3.8028,0,0,1,272,51.4,82,,29.95,30.0245,0,0,16852,15166800,,,51.4,46.09,2025-02-17,2025-02-14T20:54:00.000Z,2025-02-17 22:34:00-08:00
1739859540000,0.2237,1.5659,0,0,1,272,50.9,79,4.29,29.95,30.0246,0,0,16852,15166800,,,50.9,44.62,2025-02-17,2025-02-14T20:54:00.000Z,2025-02-17 22:19:00-08:00
1739858640000,0.2237,1.5659,0,0,1,272,51.4,75,,29.95,30.0245,0,0,16852,15166800,,,51.4,43.75,2025-02-17,2025-02-14T20:54:00.000Z,2025-02-17 22:04:00-08:00
1739857740000,0.0,1.7895,0,0,1,272,51.6,74,,29.95,30.0245,0,0,16852,15166800,,,51.6,43.59,2025-02-17,2025-02-14T20:54:00.000Z,2025-02-17 21:49:00-08:00
1739856840000,0.2237,2.908,0,0,1,272,53.2,69,,29.94,30.0142,0,0,16852,15166800,,,53.2,43.3,2025-02-17,2025-02-14T20:54:00.000Z,2025-02-17 21:34:00-08:00
1739855940000,0.4474,3.5791,0,0,1,272,54.3,67,4.3,29.94,30.0141,0,0,16852,15166800,,,54.3,43.58,2025-02-17,2025-02-14T20:54:00.000Z,2025-02-17 21:19:00-08:00
1739855040000,0.8948,5.145,0,0,1,272,54.7,73,,29.94,30.014,0,0,16852,15166800,,,54.7,46.22,2025-02-17,2025-02-14T20:54:00.000Z,2025-02-17 21:04:00-08:00
1739854140000,0.4474,3.1317,0,0,1,272,55.4,72,,29.94,30.0139,0,0,16852,15166800,,,55.4,46.52,2025-02-17,2025-02-14T20:54:00.000Z,2025-02-17 20:49:00-08:00
1739853240000,2.4606,5.5923,0,0,1,270,55.8,71,,29.93,30.0038,0,0,16852,15166800,,,55.8,46.54,2025-02-17,2025-02-14T20:54:00.000Z,2025-02-17 20:34:00-08:00
1739852340000,3.3554,8.053,0,0,1,213,56.5,65,4.31,29.93,30.0037,0,0,16852,15166800,America/Los_Angeles,True,56.5,44.88,2025-02-17,,2025-02-17 20:19:00-08:00
1739851440000,0.4474,3.3554,0,0,1,115,56.5,66,,29.92,29.9937,0,0,16852,15166800,,,56.5,45.28,2025-02-17,2025-02-14T20:54:00.000Z,2025-02-17 20:04:00-08:00
1739850540000,2.908,8.7241,0,0,1,126,56.5,73,,29.92,29.9937,0,0,16852,15166800,,,56.5,47.95,2025-02-17,2025-02-14T20:54:00.000Z,2025-02-17 19:49:00-08:00
1739849640000,1.3422,8.9477,0,0,1,204,56.1,75,,29.92,29.9937,0,0,16852,15166800,,,56.1,48.28,2025-02-17,2025-02-14T20:54:00.000Z,2025-02-17 19:34:00-08:00
1739848740000,2.0132,6.7108,0,0,1,209,54.7,81,4.31,29.91,29.9839,0,0,16852,15166800,,,54.7,48.98,2025-02-17,2025-02-14T20:54:00.000Z,2025-02-17 19:19:00-08:00
1739847840000,0.8948,6.0397,0,0,1,186,54.7,84,,29.91,29.9839,0,0,16852,15166800,America/Los_Angeles,True,54.7,49.96,2025-02-17,,2025-02-17 19:04:00-08:00
1739846940000,0.4474,3.5791,0,0,1,347,55.0,82,,29.91,29.9839,0,0,16852,15166800,America/Los_Angeles,True,55.0,49.61,2025-02-17,,2025-02-17 18:49:00-08:00
1739846040000,0.0,2.0132,0,0,1,114,55.4,81,,29.91,29.9838,0,0,16852,15166800,,,55.4,49.67,2025-02-17,2025-02-14T20:54:00.000Z,2025-02-17 18:34:00-08:00
1739845140000,0.4474,3.5791,0,0,1,114,55.8,81,,29.9,29.9737,0,0,16852,15166800,,,55.8,50.06,2025-02-17,2025-02-14T20:54:00.000Z,2025-02-17 18:19:00-08:00
1739844240000,1.3422,4.6976,0,0,1,114,56.7,77,,29.9,29.9736,0,0,16852,15166800,,,56.7,49.57,2025-02-17,2025-02-14T20:54:00.000Z,2025-02-17 18:04:00-08:00
1739843340000,0.0,1.1185,0,0,1,114,57.4,75,4.33,29.9,29.9735,5,4500,16847,15166800,,,57.4,49.54,2025-02-17,2025-02-14T20:54:00.000Z,2025-02-17 17:49:00-08:00
1739842440000,0.2237,2.0132,0,0,1,114,58.3,75,,29.9,29.9734,18,16200,16829,15162300,,,58.3,50.41,2025-02-17,2025-02-14T20:54:00.000Z,2025-02-17 17:34:00-08:00
1739841540000,0.6711,2.6843,0,0,1,114,58.6,74,,29.89,29.9633,39,35100,16790,15146100,,,58.6,50.34,2025-02-17,2025-02-14T20:54:00.000Z,2025-02-17 17:19:00-08:00
1739840640000,0.2237,2.4606,0,0,1,114,59.7,73,,29.89,29.9632,46,41400,16744,15111000,,,59.7,51.03,2025-02-17,2025-02-14T20:54:00.000Z,2025-02-17 17:04:00-08:00
1739839740000,0.6711,5.145,0,0,1,114,60.4,72,4.38,29.89,29.9631,64,57600,16680,15069600,,,60.4,51.33,2025-02-17,2025-02-14T20:54:00.000Z,2025-02-17 16:49:00-08:00
1739838840000,3.1317,7.6056,0,0,1,115,61.7,68,,29.88,29.9529,92,82800,16588,15012000,,,61.7,51.03,2025-02-17,2025-02-14T20:54:00.000Z,2025-02-17 16:34:00-08:00
1739837940000,1.5659,4.6976,0,0,1,173,61.7,68,,29.88,29.9529,126,113400,16462,14929200,,,61.7,51.03,2025-02-17,2025-02-14T20:54:00.000Z,2025-02-17 16:19:00-08:00
1739837040000,1.7895,4.0265,0,0,1,191,61.9,65,,29.88,29.9528,161,144900,16301,14815800,,,61.9,50.0,2025-02-17,2025-02-14T20:54:00.000Z,2025-02-17 16:04:00-08:00
1739836140000,2.0132,6.9345,0,0,1,191,61.7,66,4.45,29.88,29.9529,270,243000,16031,14670900,,,61.7,50.22,2025-02-17,2025-02-14T20:54:00.000Z,2025-02-17 15:49:00-08:00
1739835240000,1.5659,4.0265,0,0,1,191,61.0,70,,29.89,29.963,342,307800,15689,14427900,,,61.0,51.14,2025-02-17,2025-02-14T20:54:00.000Z,2025-02-17 15:34:00-08:00
1739834340000,3.5791,6.2634,0,0,1,190,59.7,73,,29.89,29.9632,378,340200,15311,14120100,,,59.7,51.03,2025-02-17,2025-02-14T20:54:00.000Z,2025-02-17 15:19:00-08:00
1739833440000,2.908,5.3686,0,0,1,197,61.3,64,,29.89,29.9629,404,363600,14907,13779900,,,61.3,49.02,2025-02-17,2025-02-14T20:54:00.000Z,2025-02-17 15:04:00-08:00
1739832540000,2.908,5.5923,0,0,1,198,61.0,67,4.45,29.89,29.963,443,398700,14464,13416300,,,61.0,49.96,2025-02-17,2025-02-14T20:54:00.000Z,2025-02-17 14:49:00-08:00
1739831640000,2.6843,5.145,0,0,1,198,61.9,60,,29.9,29.9729,472,424800,13992,13017600,,,61.9,47.86,2025-02-17,2025-02-14T20:54:00.000Z,2025-02-17 14:34:00-08:00
1739830740000,3.5791,6.0397,0,0,1,216,61.2,61,,29.91,29.983,536,482400,13456,12592800,,,61.2,47.64,2025-02-17,2025-02-14T20:54:00.000Z,2025-02-17 14:19:00-08:00
1739829840000,4.6976,7.1582,0,0,1,239,61.5,63,,29.91,29.983,576,518400,12880,12110400,,,61.5,48.78,2025-02-17,2025-02-14T20:54:00.000Z,2025-02-17 14:04:00-08:00
1739828940000,4.9213,7.3819,0,0,1,248,59.9,72,4.45,29.91,29.9832,601,540900,12279,11592000,,,59.9,50.85,2025-02-17,2025-02-14T20:54:00.000Z,2025-02-17 13:49:00-08:00
1739828040000,6.2634,9.1714,0,0,1,243,59.7,73,,29.92,29.9932,627,564300,11652,11051100,,,59.7,51.03,2025-02-17,2025-02-14T20:54:00.000Z,2025-02-17 13:34:00-08:00
1739827140000,6.2634,9.1714,0,0,1,246,59.7,73,,29.92,29.9932,646,581400,11006,10486800,,,59.7,51.03,2025-02-17,2025-02-14T20:54:00.000Z,2025-02-17 13:19:00-08:00
1739826240000,6.0397,9.1714,0,0,1,254,59.5,73,,29.92,29.9933,668,601200,10338,9905400,,,59.5,50.84,2025-02-17,2025-02-14T20:54:00.000Z,2025-02-17 13:04:00-08:00
1739825340000,6.0397,9.3951,0,0,1,253,59.5,73,4.45,29.93,30.0033,680,612000,9658,9304200,,,59.5,50.84,2025-02-17,2025-02-14T20:54:00.000Z,2025-02-17 12:49:00-08:00
1739824440000,5.816,8.2767,0,0,1,246,59.5,74,,29.94,30.0133,683,614700,8975,8692200,,,59.5,51.2,2025-02-17,2025-02-14T20:54:00.000Z,2025-02-17 12:34:00-08:00
1739823540000,5.145,8.7241,0,0,1,234,59.4,75,,29.95,30.0234,627,564300,8348,8077500,,,59.4,51.47,2025-02-17,2025-02-14T20:54:00.000Z,2025-02-17 12:19:00-08:00
1739822640000,4.6976,7.1582,0,0,1,214,59.2,74,,29.96,30.0334,554,498600,7794,7513200,,,59.2,50.92,2025-02-17,2025-02-14T20:54:00.000Z,2025-02-17 12:04:00-08:00
1739821740000,4.2502,6.0397,0,0,1,202,59.9,73,4.44,29.96,30.0333,491,441900,6104,5935500,,,59.9,51.22,2025-02-17,2025-02-14T20:54:00.000Z,2025-02-17 11:49:00-08:00
1739820840000,4.4739,6.2634,0,0,1,208,58.5,76,,29.96,30.0335,612,550800,7182,6572700,America/Los_Angeles,True,58.5,50.96,2025-02-17,,2025-02-17 11:34:00-08:00
1739819940000,5.145,6.9345,0,0,1,212,58.6,74,,29.97,30.0435,587,528300,6595,6021900,America/Los_Angeles,True,58.6,50.34,2025-02-17,,2025-02-17 11:19:00-08:00
1739819040000,4.6976,6.7108,0,0,1,223,59.5,71,4.46,29.98,30.0534,631,567900,5473,5493600,,,59.5,50.09,2025-02-17,2025-02-14T20:54:00.000Z,2025-02-17 11:04:00-08:00
1739818140000,3.8028,6.0397,0,0,1,217,59.2,72,,29.97,30.0434,615,553500,4858,4925700,,,59.2,50.18,2025-02-17,2025-02-14T20:54:00.000Z,2025-02-17 10:49:00-08:00
1739817240000,5.145,7.1582,0,0,1,215,57.9,74,,29.97,30.0436,590,531000,4268,4372200,,,57.9,49.66,2025-02-17,2025-02-14T20:54:00.000Z,2025-02-17 10:34:00-08:00
1739816340000,4.9213,7.8293,0,0,1,216,58.3,72,,29.97,30.0436,562,505800,3706,3841200,,,58.3,49.31,2025-02-17,2025-02-14T20:54:00.000Z,2025-02-17 10:19:00-08:00
1739815440000,4.4739,6.0397,0,0,1,207,58.3,70,4.49,29.97,30.0436,531,477900,3175,3335400,,,58.3,48.56,2025-02-17,2025-02-14T20:54:00.000Z,2025-02-17 10:04:00-08:00
1739814540000,3.5791,5.5923,0,0,1,209,58.3,70,,29.97,30.0436,497,447300,2678,2857500,,,58.3,48.56,2025-02-17,2025-02-14T20:54:00.000Z,2025-02-17 09:49:00-08:00
1739813640000,3.8028,5.145,0,0,1,218,57.7,69,,29.98,30.0537,460,414000,2218,2410200,,,57.7,47.6,2025-02-17,2025-02-14T20:54:00.000Z,2025-02-17 09:34:00-08:00
1739812740000,2.4606,5.3686,0,0,1,233,58.3,67,,29.98,30.0536,421,378900,1797,1996200,,,58.3,47.39,2025-02-17,2025-02-14T20:54:00.000Z,2025-02-17 09:19:00-08:00
1739811840000,0.0,1.3422,0,0,1,277,58.5,66,4.52,29.98,30.0536,380,342000,1417,1617300,,,58.5,47.18,2025-02-17,2025-02-14T20:54:00.000Z,2025-02-17 09:04:00-08:00
1739810940000,0.0,2.6843,0,0,1,277,57.4,68,,29.98,30.0537,335,301500,1082,1275300,,,57.4,46.93,2025-02-17,2025-02-14T20:54:00.000Z,2025-02-17 08:49:00-08:00
1739810040000,2.0132,5.816,0,0,1,277,55.2,73,,29.98,30.054,287,258300,795,973800,,,55.2,46.7,2025-02-17,2025-02-14T20:54:00.000Z,2025-02-17 08:34:00-08:00
1739809140000,0.0,0.0,0,0,1,277,53.6,76,,29.98,30.0543,231,207900,564,715500,,,53.6,46.22,2025-02-17,2025-02-14T20:54:00.000Z,2025-02-17 08:19:00-08:00
1739808240000,0.0,1.3422,0,0,1,277,52.0,81,4.28,29.97,30.0445,191,171900,373,507600,,,52.0,46.35,2025-02-17,2025-02-14T20:54:00.000Z,2025-02-17 08:04:00-08:00
1739807340000,0.0,0.0,0,0,1,277,49.6,86,,29.96,30.0348,150,135000,223,335700,,,49.6,45.59,2025-02-17,2025-02-14T20:54:00.000Z,2025-02-17 07:49:00-08:00
1739806440000,0.0,0.0,0,0,1,277,46.9,90,,29.96,30.0352,112,100800,111,200700,,,46.9,44.12,2025-02-17,2025-02-14T20:54:00.000Z,2025-02-17 07:34:00-08:00
1739805540000,0.0,0.0,0,0,1,277,46.6,89,,29.96,30.0352,74,66600,37,99900,,,46.6,43.53,2025-02-17,2025-02-14T20:54:00.000Z,2025-02-17 07:19:00-08:00
1739804640000,0.0,1.5659,0,0,1,277,46.6,89,4.25,29.96,30.0352,34,30600,3,33300,,,46.6,43.53,2025-02-17,2025-02-14T20:54:00.000Z,2025-02-17 07:04:00-08:00
1739803740000,0.8948,5.3686,0,0,1,333,48.0,87,,29.95,30.025,3,2700,0,2700,,,48.0,44.32,2025-02-17,2025-02-14T20:54:00.000Z,2025-02-17 06:49:00-08:00
1739802840000,0.4474,2.2369,0,0,1,1,49.5,85,,29.94,30.0148,0,0,0,0,,,49.5,45.18,2025-02-17,2025-02-14T20:54:00.000Z,2025-02-17 06:34:00-08:00
1739801940000,0.2237,2.4606,0,0,1,1,49.3,87,,29.93,30.0048,0,0,0,0,,,49.3,45.6,2025-02-17,2025-02-14T20:54:00.000Z,2025-02-17 06:19:00-08:00
1739801040000,0.0,2.0132,0,0,1,1,48.0,92,4.26,29.92,29.9949,0,0,0,0,America/Los_Angeles,True,48.0,45.79,2025-02-17,,2025-02-17 06:04:00-08:00
1739800140000,0.6711,2.6843,0,0,1,1,48.6,91,,29.92,29.9948,0,0,0,0,,,48.6,46.09,2025-02-17,2025-02-14T20:54:00.000Z,2025-02-17 05:49:00-08:00
1739799240000,0.4474,2.4606,0,0,1,1,48.7,90,,29.92,29.9948,0,0,0,0,,,48.7,45.9,2025-02-17,2025-02-14T20:54:00.000Z,2025-02-17 05:34:00-08:00
1739798340000,0.6711,2.4606,0,0,1,1,49.3,89,4.26,29.91,29.9847,0,0,0,0,,,49.3,46.2,2025-02-17,2025-02-14T20:54:00.000Z,2025-02-17 05:19:00-08:00
1739797440000,0.2237,1.5659,0,0,1,1,48.7,89,,29.91,29.9848,0,0,0,0,,,48.7,45.6,2025-02-17,2025-02-14T20:54:00.000Z,2025-02-17 05:04:00-08:00
1739796540000,0.2237,2.908,0,0,1,0,48.9,89,,29.91,29.9848,0,0,0,0,,,48.9,45.8,2025-02-17,2025-02-14T20:54:00.000Z,2025-02-17 04:49:00-08:00
1739795640000,0.0,1.3422,0,0,1,79,49.5,88,,29.9,29.9747,0,0,0,0,,,49.5,46.09,2025-02-17,2025-02-14T20:54:00.000Z,2025-02-17 04:34:00-08:00
1739794740000,0.6711,5.145,0,0,1,88,49.8,88,4.27,29.9,29.9746,0,0,0,0,,,49.8,46.39,2025-02-17,2025-02-14T20:54:00.000Z,2025-02-17 04:19:00-08:00
1739793840000,0.6711,5.145,0,0,1,116,49.5,90,,29.9,29.9747,0,0,0,0,,,49.5,46.69,2025-02-17,2025-02-14T20:54:00.000Z,2025-02-17 04:04:00-08:00
1739792940000,0.0,0.0,0,0,1,171,49.1,90,,29.91,29.9847,0,0,0,0,,,49.1,46.29,2025-02-17,2025-02-14T20:54:00.000Z,2025-02-17 03:49:00-08:00
1739792040000,0.0,0.0,0,0,1,171,50.5,87,,29.91,29.9845,0,0,0,0,,,50.5,46.78,2025-02-17,2025-02-14T20:54:00.000Z,2025-02-17 03:34:00-08:00
1739791140000,0.2237,6.2634,0,0,1,170,52.7,84,4.28,29.92,29.9942,0,0,0,0,,,52.7,48.0,2025-02-17,2025-02-14T20:54:00.000Z,2025-02-17 03:19:00-08:00
1739790240000,1.3422,5.5923,0,0,1,155,52.2,90,,29.92,29.9943,0,0,0,0,,,52.2,49.36,2025-02-17,2025-02-14T20:54:00.000Z,2025-02-17 03:04:00-08:00
1739789340000,0.0,1.5659,0,0,1,36,51.1,90,,29.92,29.9945,0,0,0,0,,,51.1,48.27,2025-02-17,2025-02-14T20:54:00.000Z,2025-02-17 02:49:00-08:00
1739788440000,0.0,0.0,0,0,1,36,52.3,92,,29.93,30.0043,0,0,0,0,,,52.3,50.04,2025-02-17,2025-02-14T20:54:00.000Z,2025-02-17 02:34:00-08:00
1739787540000,0.0,0.0,0,0,1,36,52.0,88,4.28,29.93,30.0044,0,0,0,0,,,52.0,48.56,2025-02-17,2025-02-14T20:54:00.000Z,2025-02-17 02:19:00-08:00
1739786640000,0.0,1.3422,0,0,1,36,52.2,83,,29.93,30.0043,0,0,0,0,,,52.2,47.19,2025-02-17,2025-02-14T20:54:00.000Z,2025-02-17 02:04:00-08:00
1739785740000,0.8948,4.4739,0,0,1,66,52.0,77,,29.93,30.0044,0,0,0,0,,,52.0,45.02,2025-02-17,2025-02-14T20:54:00.000Z,2025-02-17 01:49:00-08:00
1739784840000,1.7895,6.9345,0,0,1,231,49.5,81,,29.93,30.0047,0,0,0,0,,,49.5,43.91,2025-02-17,2025-02-14T20:54:00.000Z,2025-02-17 01:34:00-08:00
1739783940000,0.2237,3.3554,0,0,1,254,49.6,82,4.29,29.93,30.0047,0,0,0,0,,,49.6,44.33,2025-02-17,2025-02-14T20:54:00.000Z,2025-02-17 01:19:00-08:00
1739783040000,0.2237,3.1317,0,0,1,254,50.0,84,,29.93,30.0047,0,0,0,0,,,50.0,45.36,2025-02-17,2025-02-14T20:54:00.000Z,2025-02-17 01:04:00-08:00
1739782140000,0.8948,3.8028,0,0,1,254,50.5,85,,29.93,30.0046,0,0,0,0,,,50.5,46.16,2025-02-17,2025-02-14T20:54:00.000Z,2025-02-17 00:49:00-08:00
1739781240000,0.2237,4.2502,0,0,1,254,50.2,86,,29.93,30.0046,0,0,0,0,,,50.2,46.18,2025-02-17,2025-02-14T20:54:00.000Z,2025-02-17 00:34:00-08:00
1739780340000,0.0,0.0,0,0,1,254,49.6,86,4.29,29.93,30.0047,0,0,0,0,,,49.6,45.59,2025-02-17,2025-02-14T20:54:00.000Z,2025-02-17 00:19:00-08:00
1739779440000,0.0,1.1185,0,0,1,254,49.6,85,,29.93,30.0047,0,0,0,0,,,49.6,45.28,2025-02-17,2025-02-14T20:54:00.000Z,2025-02-17 00:04:00-08:00
