dateutc,windspeedmph,windgustmph,hourlyrainin,dailyrainin,trustdevicetime,winddir,tempf,humidity,batt1volts,baromabsin,baromrelin,solarradiation,sis,sds,solarradday,feelsLike,dewPoint,date,tz,historical,local_time
1745649960000,0.6711,2.2369,0,0,1,222,52.9,77,4.3,29.95,30.0478,0,0,8494,7644600,52.9,45.89,2025-04-25,,,2025-04-25 23:46:00-07:00
1745649060000,0.2237,1.7895,0,0,1,222,52.9,77,,29.95,30.0478,0,0,8494,7644600,52.9,45.89,2025-04-25,,,2025-04-25 23:31:00-07:00
1745648160000,0.0,0.8948,0,0,1,222,53.2,78,,29.95,30.0478,0,0,8494,7644600,53.2,46.52,2025-04-25,,,2025-04-25 23:16:00-07:00
1745647260000,0.6711,2.908,0,0,1,222,53.2,78,,29.95,30.0478,0,0,8494,7644600,53.2,46.52,2025-04-25,,,2025-04-25 23:01:00-07:00
1745646360000,0.6711,2.4606,0,0,1,222,53.6,77,4.3,29.96,30.0577,0,0,8494,7644600,53.6,46.57,2025-04-25,,,2025-04-25 22:46:00-07:00
1745645460000,0.2237,2.4606,0,0,1,222,54.1,77,,29.96,30.0576,0,0,8494,7644600,54.1,47.05,2025-04-25,,,2025-04-25 22:31:00-07:00
1745644560000,0.0,0.0,0,0,1,222,54.3,78,,29.96,30.0576,0,0,8494,7644600,54.3,47.59,2025-04-25,,,2025-04-25 22:16:00-07:00
1745643660000,0.0,1.3422,0,0,1,222,54.3,78,,29.96,30.0576,0,0,8494,7644600,54.3,47.59,2025-04-25,,,2025-04-25 22:01:00-07:00
1745642760000,0.2237,2.2369,0,0,1,222,54.5,78,4.31,29.96,30.0576,0,0,8494,7644600,54.5,47.78,2025-04-25,,,2025-04-25 21:46:00-07:00
1745641860000,0.6711,2.6843,0,0,1,222,54.7,78,,29.96,30.0575,0,0,8494,7644600,54.7,47.98,2025-04-25,,,2025-04-25 21:31:00-07:00
1745640960000,0.0,1.7895,0,0,1,222,54.9,79,,29.96,30.0575,0,0,8494,7644600,54.9,48.51,2025-04-25,,,2025-04-25 21:16:00-07:00
1745640060000,0.0,1.1185,0,0,1,222,54.9,79,,29.96,30.0575,0,0,8494,7644600,54.9,48.51,2025-04-25,,,2025-04-25 21:01:00-07:00
1745639160000,0.0,1.3422,0,0,1,222,54.9,78,4.31,29.95,30.0475,0,0,8494,7644600,54.9,48.17,2025-04-25,America/Los_Angeles,True,2025-04-25 20:46:00-07:00
1745638260000,0.0,0.8948,0,0,1,222,55.0,78,,29.95,30.0474,0,0,8494,7644600,55.0,48.27,2025-04-25,America/Los_Angeles,True,2025-04-25 20:31:00-07:00
1745637360000,0.2237,3.1317,0,0,1,222,55.0,77,,29.95,30.0474,0,0,8494,7644600,55.0,47.92,2025-04-25,,,2025-04-25 20:16:00-07:00
1745636460000,1.3422,4.0265,0,0,1,222,55.0,75,4.31,29.95,30.0474,0,0,8494,7644600,55.0,47.22,2025-04-25,,,2025-04-25 20:01:00-07:00
1745635560000,1.3422,3.1317,0,0,1,222,55.0,74,,29.96,30.0575,0,0,8494,7644600,55.0,46.87,2025-04-25,,,2025-04-25 19:46:00-07:00
1745634660000,0.2237,1.7895,0,0,1,222,55.4,75,,29.96,30.0574,2,960,8492,7644600,55.4,47.61,2025-04-25,,,2025-04-25 19:31:00-07:00
1745633760000,0.2237,2.0132,0,0,1,222,55.6,75,,29.96,30.0574,7,2940,8485,7642800,55.6,47.8,2025-04-25,,,2025-04-25 19:16:00-07:00
1745632860000,0.8948,3.5791,0,0,1,222,55.9,74,4.32,29.96,30.0573,12,5760,8473,7636500,55.9,47.73,2025-04-25,,,2025-04-25 19:01:00-07:00
1745631960000,1.5659,4.0265,0,0,1,222,56.5,73,,29.96,30.0572,22,9240,8451,7625700,56.5,47.95,2025-04-25,,,2025-04-25 18:46:00-07:00
1745631060000,1.3422,3.5791,0,0,1,222,56.8,73,,29.96,30.0571,42,20160,8409,7605900,56.8,48.24,2025-04-25,,,2025-04-25 18:31:00-07:00
1745630160000,2.2369,5.5923,0,0,1,228,56.8,73,,29.97,30.0672,50,21000,8359,7568100,56.8,48.24,2025-04-25,,,2025-04-25 18:16:00-07:00
1745629260000,2.0132,5.816,0,0,1,234,56.8,73,4.33,29.97,30.0672,47,22560,8312,7523100,56.8,48.24,2025-04-25,,,2025-04-25 18:01:00-07:00
1745628360000,2.0132,4.2502,0,0,1,231,57.0,73,,29.97,30.0671,49,20580,8263,7480800,57.0,48.43,2025-04-25,,,2025-04-25 17:46:00-07:00
1745627460000,2.0132,5.816,0,0,1,233,57.7,71,,29.98,30.077,49,23520,8214,7436700,57.7,48.36,2025-04-25,,,2025-04-25 17:31:00-07:00
1745626560000,2.4606,6.0397,0,0,1,221,58.1,69,,29.98,30.0769,42,17640,8172,7392600,58.1,47.98,2025-04-25,,,2025-04-25 17:16:00-07:00
1745625660000,1.3422,5.3686,0,0,1,219,58.1,68,4.34,29.98,30.0769,51,24480,8121,7354800,58.1,47.59,2025-04-25,,,2025-04-25 17:01:00-07:00
1745624760000,2.4606,6.9345,0,0,1,216,58.3,68,,29.98,30.0769,84,35280,8037,7308900,58.3,47.78,2025-04-25,,,2025-04-25 16:46:00-07:00
1745623860000,2.2369,5.3686,0,0,1,218,58.8,68,,29.99,30.0868,105,50400,7932,7233300,58.8,48.26,2025-04-25,,,2025-04-25 16:31:00-07:00
1745622960000,1.5659,5.5923,0,0,1,210,59.0,66,,29.99,30.0868,111,46620,7821,7138800,59.0,47.66,2025-04-25,,,2025-04-25 16:16:00-07:00
1745622060000,1.7895,5.816,0,0,1,224,59.0,65,4.37,29.99,30.0868,87,41760,7734,7038900,59.0,47.25,2025-04-25,,,2025-04-25 16:01:00-07:00
1745621160000,2.2369,5.5923,0,0,1,246,59.2,63,,29.99,30.0868,79,33180,7655,6960600,59.2,46.61,2025-04-25,,,2025-04-25 15:46:00-07:00
1745620260000,2.6843,6.9345,0,0,1,232,59.7,63,,29.99,30.0867,105,50400,7550,6889500,59.7,47.08,2025-04-25,,,2025-04-25 15:31:00-07:00
1745619360000,1.7895,5.816,0,0,1,220,60.3,61,,29.99,30.0866,218,91560,7332,6795000,60.3,46.79,2025-04-25,,,2025-04-25 15:16:00-07:00
1745618460000,2.6843,7.1582,0,0,1,233,60.3,61,4.59,29.99,30.0866,660,316800,6672,6598800,60.3,46.79,2025-04-25,,,2025-04-25 15:01:00-07:00
1745617560000,2.908,6.4871,0,0,1,214,60.1,62,,30.0,30.0966,532,223440,6140,6004800,60.1,47.04,2025-04-25,,,2025-04-25 14:46:00-07:00
1745616660000,1.3422,5.5923,0,0,1,211,59.5,62,,30.0,30.0968,142,68160,5998,5526000,59.5,46.47,2025-04-25,,,2025-04-25 14:31:00-07:00
1745615760000,1.1185,5.145,0,0,1,210,60.4,63,,30.01,30.1066,182,76440,5816,5398200,60.4,47.74,2025-04-25,,,2025-04-25 14:16:00-07:00
1745614860000,1.3422,5.3686,0,0,1,210,60.1,64,4.45,30.0,30.0966,174,83520,5642,5234400,60.1,47.88,2025-04-25,,,2025-04-25 14:01:00-07:00
1745613960000,2.2369,6.2634,0,0,1,210,61.2,63,,30.0,30.0964,208,87360,5434,5077800,61.2,48.5,2025-04-25,,,2025-04-25 13:46:00-07:00
1745613060000,3.5791,6.2634,0,0,1,211,61.7,62,,30.0,30.0963,182,87360,5252,4890600,61.7,48.54,2025-04-25,,,2025-04-25 13:31:00-07:00
1745612160000,3.8028,6.2634,0,0,1,213,61.0,64,,29.99,30.0864,162,68040,5090,4726800,61.0,48.73,2025-04-25,,,2025-04-25 13:16:00-07:00
1745611260000,4.2502,6.0397,0,0,1,218,60.8,64,4.52,29.99,30.0865,390,187200,4700,4581000,60.8,48.54,2025-04-25,,,2025-04-25 13:01:00-07:00
1745610360000,3.5791,5.816,0,0,1,217,60.4,64,,29.99,30.0866,242,101640,4458,4230000,60.4,48.16,2025-04-25,,,2025-04-25 12:46:00-07:00
1745609460000,2.908,4.4739,0,0,1,213,60.4,63,,29.98,30.0765,323,155040,4135,4012200,60.4,47.74,2025-04-25,,,2025-04-25 12:31:00-07:00
1745608560000,2.908,4.6976,0,0,1,213,61.0,60,,29.99,30.0864,381,160020,3754,3721500,61.0,47.01,2025-04-25,,,2025-04-25 12:16:00-07:00
1745607660000,3.1317,5.3686,0,0,1,213,61.2,58,4.59,29.98,30.0764,755,362400,2999,3378600,61.2,46.3,2025-04-25,,,2025-04-25 12:01:00-07:00
1745606760000,3.1317,5.145,0,0,1,213,60.6,60,,29.99,30.0865,474,199080,2525,2699100,60.6,46.64,2025-04-25,,,2025-04-25 11:46:00-07:00
1745605860000,3.1317,4.6976,0,0,1,213,59.5,62,,29.99,30.0867,570,273600,1955,2272500,59.5,46.47,2025-04-25,,,2025-04-25 11:31:00-07:00
1745604960000,3.1317,4.4739,0,0,1,213,59.0,63,,30.0,30.0968,472,198240,1483,1759500,59.0,46.42,2025-04-25,,,2025-04-25 11:16:00-07:00
1745604060000,2.4606,4.4739,0,0,1,213,58.8,63,4.4,30.0,30.0969,171,82080,1312,1334700,58.8,46.23,2025-04-25,,,2025-04-25 11:01:00-07:00
1745603160000,2.4606,3.8028,0,0,1,213,58.5,63,,30.0,30.0969,196,82320,1116,1180800,58.5,45.95,2025-04-25,,,2025-04-25 10:46:00-07:00
1745602260000,1.3422,4.0265,0,0,1,250,58.3,65,,29.99,30.0869,246,118080,870,1004400,58.3,46.59,2025-04-25,,,2025-04-25 10:31:00-07:00
1745601360000,0.0,0.0,0,0,1,4,57.7,69,,30.0,30.0971,127,53340,743,783000,57.7,47.6,2025-04-25,,,2025-04-25 10:16:00-07:00
1745600460000,0.0,0.0,0,0,1,4,57.6,68,4.28,29.99,30.0871,153,73440,590,668700,57.6,47.12,2025-04-25,,,2025-04-25 10:01:00-07:00
1745599560000,0.0,1.1185,0,0,1,4,57.2,71,,29.99,30.0871,102,42840,488,531000,57.2,47.88,2025-04-25,,,2025-04-25 09:46:00-07:00
1745598660000,0.0,0.0,0,0,1,4,57.2,67,,29.99,30.0871,86,41280,402,439200,57.2,46.34,2025-04-25,,,2025-04-25 09:31:00-07:00
1745597760000,0.0,0.0,0,0,1,4,57.2,69,,29.98,30.0771,85,35700,317,361800,57.2,47.12,2025-04-25,,,2025-04-25 09:16:00-07:00
1745596860000,0.0,0.0,0,0,1,4,57.2,62,4.27,29.98,30.0771,67,32160,250,285300,57.2,44.3,2025-04-25,,,2025-04-25 09:01:00-07:00
1745595960000,1.1185,3.8028,0,0,1,4,56.7,60,,29.98,30.0772,70,29400,180,225000,56.7,42.97,2025-04-25,,,2025-04-25 08:46:00-07:00
1745595060000,1.1185,2.908,0,0,1,4,56.1,61,,29.98,30.0773,47,22560,133,162000,56.1,42.84,2025-04-25,,,2025-04-25 08:31:00-07:00
1745594160000,1.3422,4.4739,0,0,1,4,55.8,62,,29.98,30.0774,34,14280,99,119700,55.8,42.98,2025-04-25,,,2025-04-25 08:16:00-07:00
1745593260000,2.0132,3.8028,0,0,1,4,55.6,64,4.27,29.97,30.0674,28,13440,71,89100,55.6,43.62,2025-04-25,,,2025-04-25 08:01:00-07:00
1745592360000,1.7895,3.1317,0,0,1,4,55.0,67,,29.97,30.0675,27,11340,44,63900,55.0,44.25,2025-04-25,,,2025-04-25 07:46:00-07:00
1745591460000,1.1185,2.908,0,0,1,4,54.5,69,,29.97,30.0676,21,10080,23,39600,54.5,44.54,2025-04-25,,,2025-04-25 07:31:00-07:00
1745590560000,1.3422,2.908,0,0,1,4,54.0,72,,29.96,30.0577,14,5880,9,20700,54.0,45.18,2025-04-25,,,2025-04-25 07:16:00-07:00
1745589660000,1.1185,2.6843,0,0,1,4,53.4,76,4.27,29.96,30.0578,7,3360,2,8100,53.4,46.03,2025-04-25,,,2025-04-25 07:01:00-07:00
1745588760000,1.5659,2.6843,0,0,1,4,52.9,80,,29.96,30.0579,2,840,0,1800,52.9,46.9,2025-04-25,,,2025-04-25 06:46:00-07:00
1745587860000,0.0,0.0,0,0,1,4,52.3,81,,29.95,30.0479,0,0,0,0,52.3,46.64,2025-04-25,,,2025-04-25 06:31:00-07:00
1745586960000,0.0,0.0,0,0,1,4,52.3,80,,29.95,30.0479,0,0,0,0,52.3,46.32,2025-04-25,,,2025-04-25 06:16:00-07:00
1745586060000,0.0,0.0,0,0,1,4,52.7,80,4.28,29.94,30.0378,0,0,0,0,52.7,46.71,2025-04-25,,,2025-04-25 06:01:00-07:00
1745585160000,0.0,0.0,0,0,1,4,52.9,77,,29.94,30.0378,0,0,0,0,52.9,45.89,2025-04-25,,,2025-04-25 05:46:00-07:00
1745584260000,0.0,0.0,0,0,1,4,53.1,78,,29.93,30.0277,0,0,0,0,53.1,46.42,2025-04-25,,,2025-04-25 05:31:00-07:00
1745583360000,0.0,1.1185,0,0,1,4,53.2,78,,29.93,30.0277,0,0,0,0,53.2,46.52,2025-04-25,,,2025-04-25 05:16:00-07:00
1745582460000,0.0,0.0,0,0,1,4,53.2,77,4.28,29.93,30.0277,0,0,0,0,53.2,46.18,2025-04-25,,,2025-04-25 05:01:00-07:00
1745581560000,0.0,0.0,0,0,1,4,53.1,79,,29.93,30.0277,0,0,0,0,53.1,46.76,2025-04-25,,,2025-04-25 04:46:00-07:00
1745580660000,0.0,0.0,0,0,1,4,52.3,79,,29.93,30.0279,0,0,0,0,52.3,45.98,2025-04-25,,,2025-04-25 04:31:00-07:00
1745579760000,0.0,0.0,0,0,1,4,52.0,81,,29.93,30.0279,0,0,0,0,52.0,46.35,2025-04-25,,,2025-04-25 04:16:00-07:00
1745578860000,0.0,0.0,0,0,1,4,52.3,79,4.28,29.92,30.0179,0,0,0,0,52.3,45.98,2025-04-25,,,2025-04-25 04:01:00-07:00
1745577960000,0.6711,2.6843,0,0,1,4,52.7,77,,29.92,30.0178,0,0,0,0,52.7,45.69,2025-04-25,,,2025-04-25 03:46:00-07:00
1745577060000,0.6711,2.4606,0,0,1,4,52.2,79,,29.93,30.0279,0,0,0,0,52.2,45.89,2025-04-25,,,2025-04-25 03:31:00-07:00
1745576160000,0.4474,2.0132,0,0,1,4,52.0,79,,29.93,30.0279,0,0,0,0,52.0,45.69,2025-04-25,,,2025-04-25 03:16:00-07:00
1745575260000,1.3422,2.6843,0,0,1,4,51.3,80,4.29,29.93,30.0281,0,0,0,0,51.3,45.34,2025-04-25,,,2025-04-25 03:01:00-07:00
1745574360000,0.0,1.3422,0,0,1,4,49.8,82,,29.93,30.0284,0,0,0,0,49.8,44.53,2025-04-25,,,2025-04-25 02:46:00-07:00
1745573460000,0.0,0.0,0,0,1,4,49.5,81,,29.93,30.0284,0,0,0,0,49.5,43.91,2025-04-25,,,2025-04-25 02:31:00-07:00
1745572560000,0.0,0.0,0,0,1,4,49.8,80,,29.93,30.0284,0,0,0,0,49.8,43.88,2025-04-25,,,2025-04-25 02:16:00-07:00
1745571660000,0.0,0.0,0,0,1,4,50.4,79,4.29,29.93,30.0282,0,0,0,0,50.4,44.14,2025-04-25,,,2025-04-25 02:01:00-07:00
1745570760000,0.0,0.0,0,0,1,4,51.1,79,,29.93,30.0281,0,0,0,0,51.1,44.82,2025-04-25,,,2025-04-25 01:46:00-07:00
1745569860000,0.0,0.0,0,0,1,4,51.8,77,,29.94,30.038,0,0,0,0,51.8,44.82,2025-04-25,,,2025-04-25 01:31:00-07:00
1745568960000,0.2237,2.0132,0,0,1,4,53.1,74,,29.94,30.0378,0,0,0,0,53.1,45.03,2025-04-25,,,2025-04-25 01:16:00-07:00
1745568060000,2.0132,4.0265,0,0,1,4,53.8,71,4.29,29.94,30.0376,0,0,0,0,53.8,44.62,2025-04-25,,,2025-04-25 01:01:00-07:00
1745567160000,2.6843,4.4739,0,0,1,4,54.0,71,,29.95,30.0476,0,0,0,0,54.0,44.81,2025-04-25,,,2025-04-25 00:46:00-07:00
1745566260000,2.2369,4.4739,0,0,1,4,53.4,73,,29.95,30.0477,0,0,0,0,53.4,44.97,2025-04-25,,,2025-04-25 00:31:00-07:00
1745565360000,0.0,0.0,0,0,1,4,54.0,72,,29.96,30.0577,0,0,0,0,54.0,45.18,2025-04-25,,,2025-04-25 00:16:00-07:00
1745564460000,2.0132,5.3686,0,0,1,4,54.7,70,4.3,29.95,30.0475,0,0,0,0,54.7,45.11,2025-04-25,,,2025-04-25 00:01:00-07:00
