dateutc,windspeedmph,windgustmph,hourlyrainin,dailyrainin,trustdevicetime,winddir,tempf,humidity,batt1volts,baromabsin,baromrelin,solarradiation,sis,sds,solarradday,tz,historical,feelsLike,dewPoint,date,local_time
1746859800000,0.0,0.8948,0,0,1,243,58.5,90,4.27,29.88,29.9533,0,0,0,25346700,America/Los_Angeles,True,58.5,55.58,2025-05-09,2025-05-09 23:50:00-07:00
1746858900000,0.0,0.0,0,0,1,243,58.1,90,,29.88,29.9534,0,0,0,25346700,America/Los_Angeles,True,58.1,55.18,2025-05-09,2025-05-09 23:35:00-07:00
1746858000000,0.0,0.0,0,0,1,243,58.1,90,4.28,29.89,29.9634,0,0,28163,25346700,,,58.1,55.18,2025-05-09,2025-05-09 23:20:00-07:00
1746857100000,0.0,0.0,0,0,1,243,58.6,90,,29.89,29.9633,0,0,28163,25346700,,,58.6,55.67,2025-05-09,2025-05-09 23:05:00-07:00
1746856200000,0.0,0.0,0,0,1,243,58.3,90,,29.89,29.9634,0,0,28163,25346700,,,58.3,55.38,2025-05-09,2025-05-09 22:50:00-07:00
1746855300000,0.0,0.0,0,0,1,243,58.3,89,,29.89,29.9634,0,0,28163,25346700,,,58.3,55.07,2025-05-09,2025-05-09 22:35:00-07:00
1746854400000,0.0,0.0,0,0,1,243,58.6,89,4.29,29.89,29.9633,0,0,28163,25346700,America/Los_Angeles,True,58.6,55.37,2025-05-09,2025-05-09 22:20:00-07:00
1746853500000,0.2237,2.2369,0,0,1,243,58.8,90,,29.89,29.9633,0,0,28163,25346700,,,58.8,55.87,2025-05-09,2025-05-09 22:05:00-07:00
1746852600000,0.0,1.7895,0,0,1,243,58.3,89,,29.88,29.9533,0,0,28163,25346700,,,58.3,55.07,2025-05-09,2025-05-09 21:50:00-07:00
1746851700000,0.0,0.0,0,0,1,243,58.6,90,4.3,29.88,29.9533,0,0,28163,25346700,,,58.6,55.67,2025-05-09,2025-05-09 21:35:00-07:00
1746850800000,0.0,0.0,0,0,1,243,58.8,90,,29.88,29.9533,0,0,28163,25346700,America/Los_Angeles,True,58.8,55.87,2025-05-09,2025-05-09 21:20:00-07:00
1746849900000,0.0,0.0,0,0,1,243,58.5,90,,29.88,29.9533,0,0,28163,25346700,,,58.5,55.58,2025-05-09,2025-05-09 21:05:00-07:00
1746849000000,0.0,0.0,0,0,1,243,58.8,89,4.3,29.88,29.9533,0,0,28163,25346700,America/Los_Angeles,True,58.8,55.56,2025-05-09,2025-05-09 20:50:00-07:00
1746848100000,0.0,0.0,0,0,1,243,59.5,89,,29.88,29.9532,0,0,28163,25346700,,,59.5,56.25,2025-05-09,2025-05-09 20:35:00-07:00
1746847200000,0.2237,2.4606,0,0,1,243,59.7,89,,29.88,29.9531,0,0,28163,25346700,,,59.7,56.45,2025-05-09,2025-05-09 20:20:00-07:00
1746846300000,1.3422,2.6843,0,0,1,243,60.1,88,4.31,29.88,29.9531,0,0,28163,25346700,,,60.1,56.53,2025-05-09,2025-05-09 20:05:00-07:00
1746845400000,0.2237,1.7895,0,0,1,243,60.8,87,,29.88,29.953,6,5400,28137,25328700,,,60.8,56.9,2025-05-09,2025-05-09 19:50:00-07:00
1746844500000,0.6711,3.8028,0,0,1,243,61.5,86,,29.88,29.9529,20,18000,28143,25341300,America/Los_Angeles,True,61.5,57.27,2025-05-09,2025-05-09 19:35:00-07:00
1746843600000,2.6843,4.0265,0,0,1,243,62.8,83,4.32,29.88,29.9527,59,53100,28078,25323300,,,62.8,57.56,2025-05-09,2025-05-09 19:20:00-07:00
1746842700000,2.908,5.3686,0,0,1,243,63.5,82,,29.88,29.9526,94,84600,27984,25270200,,,63.5,57.9,2025-05-09,2025-05-09 19:05:00-07:00
1746841800000,4.2502,7.3819,0,0,1,240,63.9,82,,29.88,29.9525,134,120600,27850,25185600,,,63.9,58.29,2025-05-09,2025-05-09 18:50:00-07:00
1746840900000,4.4739,7.3819,0,0,1,246,64.6,80,,29.87,29.9424,177,159300,27673,25065000,,,64.6,58.28,2025-05-09,2025-05-09 18:35:00-07:00
1746840000000,5.816,8.9477,0,0,1,242,65.3,79,4.34,29.87,29.9423,223,200700,27450,24905700,,,65.3,58.61,2025-05-09,2025-05-09 18:20:00-07:00
1746838200000,4.2502,8.9477,0,0,1,262,67.3,75,,29.88,29.9521,321,288900,26758,24371100,,,67.3,59.1,2025-05-09,2025-05-09 17:50:00-07:00
1746837300000,6.0397,11.4084,0,0,1,259,67.5,75,4.38,29.88,29.9521,371,333900,27079,24416100,America/Los_Angeles,True,67.5,59.29,2025-05-09,2025-05-09 17:35:00-07:00
1746836400000,5.5923,11.1847,0,0,1,266,68.2,73,,29.88,29.952,420,378000,25869,23660100,,,68.15,59.21,2025-05-09,2025-05-09 17:20:00-07:00
1746835500000,6.4871,12.7505,0,0,1,272,67.6,74,,29.88,29.952,469,422100,26289,23704200,America/Los_Angeles,True,67.6,59.01,2025-05-09,2025-05-09 17:05:00-07:00
1746834600000,6.4871,12.5268,0,0,1,269,68.0,72,,29.88,29.952,516,464400,25353,23282100,,,68.0,58.63,2025-05-09,2025-05-09 16:50:00-07:00
1746833700000,6.2634,12.9742,0,0,1,268,69.3,70,,29.89,29.9618,562,505800,24791,22817700,,,69.22,59.08,2025-05-09,2025-05-09 16:35:00-07:00
1746832800000,5.3686,9.8425,0,0,1,257,69.4,69,,29.88,29.9518,607,546300,24184,22311900,,,69.28,58.78,2025-05-09,2025-05-09 16:20:00-07:00
1746831900000,5.816,10.7373,0,0,1,260,70.0,68,4.38,29.88,29.9517,650,585000,23534,21765600,,,69.9,58.94,2025-05-09,2025-05-09 16:05:00-07:00
1746831000000,5.816,11.4084,0,0,1,269,70.2,68,,29.89,29.9617,690,621000,22844,21180600,,,70.12,59.13,2025-05-09,2025-05-09 15:50:00-07:00
1746830100000,6.0397,11.8558,0,0,1,269,69.1,71,,29.9,29.9719,727,654300,22117,20559600,,,69.05,59.29,2025-05-09,2025-05-09 15:35:00-07:00
1746829200000,7.3819,12.9742,0,0,1,269,68.0,74,,29.91,29.9821,760,684000,21357,19905300,,,68.0,59.39,2025-05-09,2025-05-09 15:20:00-07:00
1746828300000,7.1582,14.9875,0,0,1,268,67.8,75,4.39,29.91,29.9821,792,712800,20565,19221300,,,67.8,59.58,2025-05-09,2025-05-09 15:05:00-07:00
1746827400000,6.9345,15.2112,0,0,1,263,68.4,73,,29.92,29.992,821,738900,19744,18508500,,,68.37,59.4,2025-05-09,2025-05-09 14:50:00-07:00
1746826500000,6.4871,11.8558,0,0,1,263,68.4,72,,29.93,30.0021,846,761400,18898,17769600,,,68.32,59.01,2025-05-09,2025-05-09 14:35:00-07:00
1746825600000,6.2634,13.4216,0,0,1,269,67.8,73,,29.94,30.0122,867,780300,18031,17008200,,,67.8,58.82,2025-05-09,2025-05-09 14:20:00-07:00
1746824700000,7.8293,17.0007,0,0,1,261,67.6,74,4.39,29.95,30.0222,884,795600,17147,16227900,,,67.6,59.01,2025-05-09,2025-05-09 14:05:00-07:00
1746823800000,6.7108,13.6453,0,0,1,264,67.5,74,,29.95,30.0222,899,809100,16248,15432300,,,67.5,58.91,2025-05-09,2025-05-09 13:50:00-07:00
1746822900000,7.8293,16.1059,0,0,1,238,66.2,76,,29.95,30.0224,909,818100,15339,14623200,,,66.2,58.4,2025-05-09,2025-05-09 13:35:00-07:00
1746822000000,5.816,9.6188,0,0,1,203,65.8,77,,29.94,30.0124,919,827100,14420,13805100,,,65.8,58.38,2025-05-09,2025-05-09 13:20:00-07:00
1746821100000,4.2502,7.1582,0,0,1,198,66.4,75,4.39,29.94,30.0123,923,830700,13497,12978000,,,66.4,58.23,2025-05-09,2025-05-09 13:05:00-07:00
1746820200000,4.2502,7.1582,0,0,1,203,67.3,73,,29.95,30.0222,923,830700,12574,12147300,,,67.3,58.34,2025-05-09,2025-05-09 12:50:00-07:00
1746819300000,4.6976,7.8293,0,0,1,231,66.9,74,,29.96,30.0323,918,826200,10748,10499400,,,66.9,58.34,2025-05-09,2025-05-09 12:35:00-07:00
1746818400000,5.5923,12.9742,0,0,1,268,65.7,75,,29.97,30.0425,908,817200,11666,10490400,America/Los_Angeles,True,65.7,57.55,2025-05-09,2025-05-09 12:20:00-07:00
1746817500000,7.1582,14.0927,0,0,1,270,65.8,75,,29.98,30.0525,896,806400,9852,9673200,,,65.8,57.65,2025-05-09,2025-05-09 12:05:00-07:00
1746816600000,7.3819,12.3031,0,0,1,247,64.8,77,,29.98,30.0527,879,791100,8973,8866800,,,64.8,57.41,2025-05-09,2025-05-09 11:50:00-07:00
1746815700000,6.7108,12.7505,0,0,1,230,63.7,79,,29.97,30.0428,860,774000,8113,8075700,,,63.7,57.06,2025-05-09,2025-05-09 11:35:00-07:00
1746814800000,5.3686,8.7241,0,0,1,229,63.7,78,4.46,29.98,30.0528,838,754200,7275,7301700,,,63.7,56.71,2025-05-09,2025-05-09 11:20:00-07:00
1746813900000,5.816,8.2767,0,0,1,216,63.5,77,,29.98,30.0528,811,729900,6464,6547500,,,63.5,56.16,2025-05-09,2025-05-09 11:05:00-07:00
1746813000000,4.9213,6.9345,0,0,1,232,62.8,78,,29.99,30.063,781,702900,5683,5817600,,,62.8,55.83,2025-05-09,2025-05-09 10:50:00-07:00
1746812100000,5.3686,8.5004,0,0,1,224,61.7,81,,30.0,30.0731,747,672300,4936,5114700,,,61.7,55.81,2025-05-09,2025-05-09 10:35:00-07:00
1746811200000,4.4739,7.1582,0,0,1,238,62.1,80,4.54,30.0,30.0731,711,639900,4225,4442400,,,62.1,55.85,2025-05-09,2025-05-09 10:20:00-07:00
1746810300000,3.8028,6.9345,0,0,1,237,60.8,83,,29.99,30.0633,673,605700,3552,3802500,,,60.8,55.6,2025-05-09,2025-05-09 10:05:00-07:00
1746809400000,3.8028,6.4871,0,0,1,215,59.5,86,,30.0,30.0735,633,569700,2919,3196800,,,59.5,55.31,2025-05-09,2025-05-09 09:50:00-07:00
1746808500000,3.8028,7.3819,0,0,1,205,57.9,90,,30.0,30.0737,573,515700,2346,2627100,,,57.9,54.98,2025-05-09,2025-05-09 09:35:00-07:00
1746807600000,4.2502,7.1582,0,0,1,181,57.9,91,4.47,30.0,30.0737,465,418500,1881,2111400,,,57.9,55.29,2025-05-09,2025-05-09 09:20:00-07:00
1746806700000,4.4739,6.4871,0,0,1,185,58.1,92,,30.0,30.0737,406,365400,1475,1692900,,,58.1,55.79,2025-05-09,2025-05-09 09:05:00-07:00
1746805800000,3.5791,6.2634,0,0,1,159,59.5,92,,30.0,30.0735,439,395100,1036,1327500,,,59.5,57.17,2025-05-09,2025-05-09 08:50:00-07:00
1746804900000,0.6711,4.2502,0,0,1,131,58.6,95,,30.01,30.0836,368,331200,668,932400,,,58.6,57.17,2025-05-09,2025-05-09 08:35:00-07:00
1746804000000,1.7895,5.5923,0,0,1,131,57.2,96,4.27,30.01,30.0838,200,180000,468,601200,,,57.2,56.07,2025-05-09,2025-05-09 08:20:00-07:00
1746803100000,1.3422,7.1582,0,0,1,109,56.5,96,,30.02,30.0939,139,125100,329,421200,,,56.5,55.37,2025-05-09,2025-05-09 08:05:00-07:00
1746802200000,1.1185,5.145,0,0,1,105,56.5,96,,30.02,30.0939,110,99000,219,296100,,,56.5,55.37,2025-05-09,2025-05-09 07:50:00-07:00
1746801300000,2.4606,6.4871,0,0,1,120,56.3,97,,30.01,30.0839,77,69300,142,197100,,,56.3,55.46,2025-05-09,2025-05-09 07:35:00-07:00
1746800400000,2.4606,5.816,0,0,1,112,56.1,97,4.24,30.01,30.084,56,50400,86,127800,,,56.1,55.26,2025-05-09,2025-05-09 07:20:00-07:00
1746799500000,0.4474,2.6843,0,0,1,70,55.9,96,,30.0,30.074,41,36900,45,77400,,,55.9,54.78,2025-05-09,2025-05-09 07:05:00-07:00
1746798600000,0.0,1.1185,0,0,1,70,55.8,96,,29.99,30.064,27,24300,18,40500,,,55.8,54.68,2025-05-09,2025-05-09 06:50:00-07:00
1746797700000,0.4474,2.6843,0,0,1,70,55.6,96,,29.99,30.064,14,12600,4,16200,,,55.6,54.48,2025-05-09,2025-05-09 06:35:00-07:00
1746796800000,0.0,1.7895,0,0,1,70,55.6,96,4.24,29.98,30.054,4,3600,0,3600,,,55.6,54.48,2025-05-09,2025-05-09 06:20:00-07:00
1746795900000,0.6711,2.4606,0,0,1,70,55.8,96,,29.98,30.0539,0,0,0,0,,,55.8,54.68,2025-05-09,2025-05-09 06:05:00-07:00
1746795000000,0.4474,3.1317,0,0,1,70,55.8,96,,29.98,30.0539,0,0,0,0,,,55.8,54.68,2025-05-09,2025-05-09 05:50:00-07:00
1746794100000,0.6711,4.0265,0,0,1,25,55.8,96,,29.99,30.064,0,0,0,0,,,55.8,54.68,2025-05-09,2025-05-09 05:35:00-07:00
1746793200000,1.1185,4.2502,0,0,1,130,55.9,96,4.25,29.99,30.0639,0,0,0,0,,,55.9,54.78,2025-05-09,2025-05-09 05:20:00-07:00
1746792300000,1.3422,6.0397,0,0,1,77,55.9,96,,29.98,30.0539,0,0,0,0,,,55.9,54.78,2025-05-09,2025-05-09 05:05:00-07:00
1746791400000,1.3422,6.2634,0,0,1,64,55.9,96,,29.98,30.0539,0,0,0,0,,,55.9,54.78,2025-05-09,2025-05-09 04:50:00-07:00
1746790500000,1.7895,6.9345,0,0,1,107,55.9,95,,29.98,30.0539,0,0,0,0,,,55.9,54.49,2025-05-09,2025-05-09 04:35:00-07:00
1746789600000,1.1185,5.816,0,0,1,51,55.8,95,4.26,29.98,30.0539,0,0,0,0,,,55.8,54.39,2025-05-09,2025-05-09 04:20:00-07:00
1746788700000,1.5659,4.4739,0,0,1,48,55.6,94,,29.98,30.054,0,0,0,0,,,55.6,53.9,2025-05-09,2025-05-09 04:05:00-07:00
1746787800000,0.8948,5.145,0,0,1,60,55.0,94,,29.98,30.0541,0,0,0,0,,,55.0,53.3,2025-05-09,2025-05-09 03:50:00-07:00
1746786900000,0.6711,4.0265,0,0,1,60,54.5,94,,29.98,30.0541,0,0,0,0,,,54.5,52.81,2025-05-09,2025-05-09 03:35:00-07:00
1746786000000,0.2237,1.5659,0,0,1,60,54.1,94,4.26,29.98,30.0542,0,0,0,0,,,54.1,52.41,2025-05-09,2025-05-09 03:20:00-07:00
1746785100000,0.4474,2.908,0,0,1,60,54.5,94,,29.98,30.0541,0,0,0,0,,,54.5,52.81,2025-05-09,2025-05-09 03:05:00-07:00
1746784200000,0.4474,2.908,0,0,1,60,55.0,94,,29.99,30.0641,0,0,0,0,,,55.0,53.3,2025-05-09,2025-05-09 02:50:00-07:00
1746783300000,0.8948,3.1317,0,0,1,60,55.4,94,,29.99,30.064,0,0,0,0,,,55.4,53.7,2025-05-09,2025-05-09 02:35:00-07:00
1746782400000,0.8948,4.0265,0,0,1,60,55.8,94,4.27,29.99,30.064,0,0,0,0,,,55.8,54.1,2025-05-09,2025-05-09 02:20:00-07:00
1746781500000,0.8948,4.4739,0,0,1,57,55.8,94,,30.0,30.074,0,0,0,0,,,55.8,54.1,2025-05-09,2025-05-09 02:05:00-07:00
1746780600000,0.6711,4.4739,0,0,1,54,55.8,93,,30.0,30.074,0,0,0,0,,,55.8,53.81,2025-05-09,2025-05-09 01:50:00-07:00
1746779700000,0.4474,3.3554,0,0,1,54,55.8,93,,30.0,30.074,0,0,0,0,,,55.8,53.81,2025-05-09,2025-05-09 01:35:00-07:00
1746778800000,0.2237,4.6976,0,0,1,54,55.8,92,4.28,30.0,30.074,0,0,0,0,,,55.8,53.51,2025-05-09,2025-05-09 01:20:00-07:00
1746777900000,0.6711,3.8028,0,0,1,44,56.1,92,,30.0,30.0739,0,0,0,0,,,56.1,53.81,2025-05-09,2025-05-09 01:05:00-07:00
1746777000000,1.3422,5.816,0,0,1,78,55.8,92,,30.0,30.074,0,0,0,0,,,55.8,53.51,2025-05-09,2025-05-09 00:50:00-07:00
1746776100000,0.6711,2.908,0,0,1,60,55.6,92,,30.0,30.074,0,0,0,0,,,55.6,53.31,2025-05-09,2025-05-09 00:35:00-07:00
1746775200000,0.8948,4.0265,0,0,1,60,55.6,92,4.28,30.0,30.074,0,0,0,0,,,55.6,53.31,2025-05-09,2025-05-09 00:20:00-07:00
1746774300000,0.6711,4.0265,0,0,1,60,55.6,92,,30.0,30.074,0,0,0,0,,,55.6,53.31,2025-05-09,2025-05-09 00:05:00-07:00
