dateutc,windspeedmph,windgustmph,hourlyrainin,dailyrainin,trustdevicetime,winddir,tempf,humidity,dewPoint,feelsLike,baromabsin,baromrelin,solarradiation,sis,sds,solarradday,lastRain,date,batt1volts,tz,historical,local_time
1760770260000,0.0,2.908,0,0,1,294,57.0,67,46.15,57.0,29.9,29.9736,0,0,19105,17194500,2025-10-15T04:20:00.000Z,2025-10-17,,,,2025-10-17 23:51:00-07:00
1760769300000,0.0,1.1185,0,0,1,294,56.8,69,46.74,56.8,29.89,29.9636,0,0,19105,17194500,2025-10-15T04:20:00.000Z,2025-10-17,,,,2025-10-17 23:35:00-07:00
1760768400000,0.0,0.0,0,0,1,294,57.2,69,47.12,57.2,29.89,29.9635,0,0,19105,17194500,2025-10-15T04:20:00.000Z,2025-10-17,4.28,,,2025-10-17 23:20:00-07:00
1760767500000,0.0,1.5659,0,0,1,294,58.8,61,45.38,58.8,29.89,29.9633,0,0,19105,17194500,2025-10-15T04:20:00.000Z,2025-10-17,,,,2025-10-17 23:05:00-07:00
1760766660000,0.4474,1.5659,0,0,1,294,59.7,63,47.08,59.7,29.89,29.9632,0,0,19105,17194500,2025-10-15T04:20:00.000Z,2025-10-17,,,,2025-10-17 22:51:00-07:00
1760765700000,0.0,0.0,0,0,1,294,59.9,59,45.54,59.9,29.89,29.9631,0,0,19105,17194500,2025-10-15T04:20:00.000Z,2025-10-17,4.28,,,2025-10-17 22:35:00-07:00
1760764800000,0.8948,2.2369,0,0,1,294,60.1,61,46.6,60.1,29.89,29.9631,0,0,19105,17194500,2025-10-15T04:20:00.000Z,2025-10-17,,,,2025-10-17 22:20:00-07:00
1760763960000,0.8948,3.1317,0,0,1,294,61.9,56,46.03,61.9,29.89,29.9629,0,0,19105,17194500,2025-10-15T04:20:00.000Z,2025-10-17,,,,2025-10-17 22:06:00-07:00
1760763000000,0.4474,2.2369,0,0,1,294,60.3,64,48.07,60.3,29.9,29.9731,0,0,19105,17194500,2025-10-15T04:20:00.000Z,2025-10-17,,,,2025-10-17 21:50:00-07:00
1760762100000,0.2237,2.2369,0,0,1,294,59.9,68,49.31,59.9,29.9,29.9732,0,0,19105,17194500,2025-10-15T04:20:00.000Z,2025-10-17,4.29,,,2025-10-17 21:35:00-07:00
1760761200000,0.0,1.3422,0,0,1,294,61.2,66,49.75,61.2,29.89,29.963,0,0,19105,17194500,2025-10-15T04:20:00.000Z,2025-10-17,,,,2025-10-17 21:20:00-07:00
1760760300000,0.0,0.0,0,0,1,294,62.4,60,48.33,62.4,29.89,29.9628,0,0,19105,17194500,2025-10-15T04:20:00.000Z,2025-10-17,,,,2025-10-17 21:05:00-07:00
1760759400000,0.0,0.0,0,0,1,294,62.8,59,48.25,62.8,29.89,29.9627,0,0,19105,17194500,2025-10-15T04:20:00.000Z,2025-10-17,,,,2025-10-17 20:50:00-07:00
1760758500000,0.0,0.0,0,0,1,294,61.5,68,50.84,61.5,29.89,29.9629,0,0,19105,17194500,2025-10-15T04:20:00.000Z,2025-10-17,4.29,,,2025-10-17 20:35:00-07:00
1760757600000,0.0,1.7895,0,0,1,294,61.7,76,54.05,61.7,29.88,29.9529,0,0,19105,17194500,2025-10-15T04:20:00.000Z,2025-10-17,,,,2025-10-17 20:20:00-07:00
1760756700000,0.2237,1.7895,0,0,1,294,62.6,77,55.28,62.6,29.88,29.9527,0,0,19105,17194500,2025-10-15T04:20:00.000Z,2025-10-17,,,,2025-10-17 20:05:00-07:00
1760755800000,0.6711,1.7895,0,0,1,294,64.0,74,55.54,64.0,29.88,29.9525,0,0,19105,17194500,2025-10-15T04:20:00.000Z,2025-10-17,,,,2025-10-17 19:50:00-07:00
1760754960000,2.0132,4.4739,0,0,1,294,64.8,77,57.41,64.8,29.88,29.9524,0,0,19105,17194500,2025-10-15T04:20:00.000Z,2025-10-17,4.3,,,2025-10-17 19:36:00-07:00
1760754000000,2.6843,7.1582,0,0,1,267,64.8,78,57.77,64.8,29.88,29.9524,0,0,19105,17194500,2025-10-15T04:20:00.000Z,2025-10-17,,,,2025-10-17 19:20:00-07:00
1760753100000,1.7895,3.8028,0,0,1,237,64.9,77,57.51,64.9,29.88,29.9524,0,0,19105,17194500,2025-10-15T04:20:00.000Z,2025-10-17,,,,2025-10-17 19:05:00-07:00
1760752200000,1.5659,7.8293,0,0,1,253,66.2,74,57.66,66.2,29.88,29.9522,0,0,19105,17194500,2025-10-15T04:20:00.000Z,2025-10-17,,,,2025-10-17 18:50:00-07:00
1760751300000,1.3422,3.8028,0,0,1,308,66.6,71,56.9,66.6,29.87,29.9422,0,0,19105,17194500,2025-10-15T04:20:00.000Z,2025-10-17,4.31,,,2025-10-17 18:35:00-07:00
1760750460000,2.0132,6.0397,0,0,1,266,67.5,73,58.53,67.5,29.87,29.942,13,11700,19092,17194500,2025-10-15T04:20:00.000Z,2025-10-17,,,,2025-10-17 18:21:00-07:00
1760749500000,2.6843,5.145,0,0,1,288,70.0,61,55.92,69.57,29.86,29.9317,43,38700,19049,17182800,2025-10-15T04:20:00.000Z,2025-10-17,,,,2025-10-17 18:05:00-07:00
1760748600000,2.908,7.3819,0,0,1,294,70.2,61,56.11,69.79,29.86,29.9316,76,68400,18973,17144100,2025-10-15T04:20:00.000Z,2025-10-17,,,,2025-10-17 17:50:00-07:00
1760747760000,4.4739,8.9477,0,0,1,274,70.2,64,57.44,69.93,29.86,29.9316,114,102600,18859,17075700,2025-10-15T04:20:00.000Z,2025-10-17,4.37,,,2025-10-17 17:36:00-07:00
1760746860000,5.3686,9.8425,0,0,1,274,71.4,58,55.84,70.97,29.86,29.9315,156,140400,18703,16973100,2025-10-15T04:20:00.000Z,2025-10-17,,,,2025-10-17 17:21:00-07:00
1760745960000,6.0397,11.8558,0,0,1,281,72.0,54,54.43,71.44,29.86,29.9314,200,180000,18503,16832700,2025-10-15T04:20:00.000Z,2025-10-17,,,,2025-10-17 17:06:00-07:00
1760745060000,6.4871,11.8558,0,0,1,265,73.4,51,54.16,72.84,29.86,29.9312,245,220500,18258,16652700,2025-10-15T04:20:00.000Z,2025-10-17,,,,2025-10-17 16:51:00-07:00
1760744100000,6.7108,12.3031,0,0,1,275,73.9,45,51.2,73.11,29.86,29.9311,292,262800,17966,16432200,2025-10-15T04:20:00.000Z,2025-10-17,4.36,,,2025-10-17 16:35:00-07:00
1760743200000,6.7108,14.3164,0,0,1,285,72.1,56,55.52,71.64,29.86,29.9314,337,303300,17629,16169400,2025-10-15T04:20:00.000Z,2025-10-17,,,,2025-10-17 16:20:00-07:00
1760742300000,7.1582,12.9742,0,0,1,275,72.3,61,58.08,72.1,29.86,29.9314,381,342900,17248,15866100,2025-10-15T04:20:00.000Z,2025-10-17,,,,2025-10-17 16:05:00-07:00
1760741460000,6.4871,12.0795,0,0,1,270,74.5,53,56.23,74.14,29.85,29.921,424,381600,16824,15523200,2025-10-15T04:20:00.000Z,2025-10-17,,,,2025-10-17 15:51:00-07:00
1760740560000,6.9345,12.5268,0,0,1,277,75.0,45,52.2,74.31,29.85,29.921,464,417600,16360,15141600,2025-10-15T04:20:00.000Z,2025-10-17,4.36,,,2025-10-17 15:36:00-07:00
1760739660000,7.6056,14.0927,0,0,1,285,75.2,42,50.51,74.39,29.85,29.9209,503,452700,15857,14724000,2025-10-15T04:20:00.000Z,2025-10-17,,,,2025-10-17 15:21:00-07:00
1760738760000,7.1582,12.7505,0,0,1,268,75.9,44,52.4,75.26,29.86,29.9309,538,484200,14748,13757400,2025-10-15T04:20:00.000Z,2025-10-17,,,,2025-10-17 15:06:00-07:00
1760737860000,6.9345,12.0795,0,0,1,271,77.7,36,48.6,76.86,29.86,29.9306,571,513900,15286,13787100,,2025-10-17,,America/Los_Angeles,True,2025-10-17 14:51:00-07:00
1760736900000,6.4871,13.4216,0,0,1,279,77.0,36,47.98,76.09,29.86,29.9307,601,540900,14147,13273200,2025-10-15T04:20:00.000Z,2025-10-17,,,,2025-10-17 14:35:00-07:00
1760736060000,7.1582,12.9742,0,0,1,273,77.5,34,46.9,76.55,29.87,29.9407,628,565200,13519,12732300,2025-10-15T04:20:00.000Z,2025-10-17,,,,2025-10-17 14:21:00-07:00
1760735160000,6.4871,12.7505,0,0,1,276,78.8,31,45.59,77.84,29.87,29.9405,653,587700,12866,12167100,2025-10-15T04:20:00.000Z,2025-10-17,,,,2025-10-17 14:06:00-07:00
1760734260000,5.816,10.5136,0,0,1,274,78.6,32,46.25,77.66,29.87,29.9405,672,604800,12194,11579400,2025-10-15T04:20:00.000Z,2025-10-17,4.38,,,2025-10-17 13:51:00-07:00
1760733300000,5.5923,10.0662,0,0,1,264,78.4,31,45.24,77.4,29.88,29.9506,688,619200,11506,10974600,2025-10-15T04:20:00.000Z,2025-10-17,,,,2025-10-17 13:35:00-07:00
1760732400000,4.2502,8.2767,0,0,1,281,77.0,36,47.98,76.09,29.89,29.9608,699,629100,10807,10355400,2025-10-15T04:20:00.000Z,2025-10-17,,,,2025-10-17 13:20:00-07:00
1760731500000,5.3686,8.053,0,0,1,226,75.2,45,52.38,74.53,29.89,29.961,706,635400,10101,9726300,2025-10-15T04:20:00.000Z,2025-10-17,4.38,,,2025-10-17 13:05:00-07:00
1760730600000,5.3686,8.2767,0,0,1,224,72.7,55,55.59,72.25,29.9,29.9714,710,639000,9391,9090900,2025-10-15T04:20:00.000Z,2025-10-17,,,,2025-10-17 12:50:00-07:00
1760729700000,4.6976,7.3819,0,0,1,205,71.8,69,61.07,71.92,29.9,29.9715,709,638100,8682,8451900,2025-10-15T04:20:00.000Z,2025-10-17,,,,2025-10-17 12:35:00-07:00
1760728860000,3.1317,7.1582,0,0,1,202,72.7,61,58.46,72.54,29.91,29.9814,705,634500,7296,7200900,2025-10-15T04:20:00.000Z,2025-10-17,,,,2025-10-17 12:21:00-07:00
1760727960000,3.5791,7.1582,0,0,1,171,72.0,66,60.01,72.0,29.91,29.9815,681,612900,8001,7179300,,2025-10-17,4.38,America/Los_Angeles,True,2025-10-17 12:06:00-07:00
1760727000000,3.5791,6.2634,0,0,1,172,71.2,68,60.09,71.22,29.91,29.9816,684,615600,5944,5965200,2025-10-15T04:20:00.000Z,2025-10-17,,,,2025-10-17 11:50:00-07:00
1760726100000,4.2502,6.0397,0,0,1,206,72.3,58,56.68,71.96,29.91,29.9815,668,601200,6628,5950800,,2025-10-17,,America/Los_Angeles,True,2025-10-17 11:35:00-07:00
1760725200000,3.5791,5.5923,0,0,1,217,73.0,53,54.84,72.49,29.91,29.9814,648,583200,5296,5349600,2025-10-15T04:20:00.000Z,2025-10-17,4.4,,,2025-10-17 11:20:00-07:00
1760724300000,2.2369,4.4739,0,0,1,222,74.8,43,50.79,74.0,29.91,29.9811,624,561600,4672,4766400,2025-10-15T04:20:00.000Z,2025-10-17,,,,2025-10-17 11:05:00-07:00
1760723400000,1.3422,4.9213,0,0,1,222,72.5,54,54.89,71.99,29.92,29.9915,595,535500,4077,4204800,2025-10-15T04:20:00.000Z,2025-10-17,,,,2025-10-17 10:50:00-07:00
1760722500000,1.3422,4.6976,0,0,1,248,70.3,66,58.39,70.13,29.91,29.9817,563,506700,3514,3669300,2025-10-15T04:20:00.000Z,2025-10-17,,,,2025-10-17 10:35:00-07:00
1760721660000,2.6843,6.7108,0,0,1,209,70.3,62,56.65,69.94,29.91,29.9817,529,476100,2985,3162600,2025-10-15T04:20:00.000Z,2025-10-17,4.45,,,2025-10-17 10:21:00-07:00
1760720700000,3.1317,5.3686,0,0,1,184,70.2,65,57.87,69.98,29.92,29.9918,492,442800,2493,2686500,2025-10-15T04:20:00.000Z,2025-10-17,,,,2025-10-17 10:05:00-07:00
1760719860000,2.908,5.816,0,0,1,184,69.3,65,57.02,68.99,29.91,29.9819,452,406800,2041,2243700,2025-10-15T04:20:00.000Z,2025-10-17,,,,2025-10-17 09:51:00-07:00
1760718900000,2.2369,6.0397,0,0,1,192,69.1,69,58.49,68.95,29.91,29.9819,410,369000,1631,1836900,2025-10-15T04:20:00.000Z,2025-10-17,,,,2025-10-17 09:35:00-07:00
1760718060000,1.7895,4.0265,0,0,1,196,67.8,71,58.05,67.8,29.91,29.9821,365,328500,1266,1467900,2025-10-15T04:20:00.000Z,2025-10-17,4.5,,,2025-10-17 09:21:00-07:00
1760717100000,0.0,1.3422,0,0,1,196,66.0,71,56.32,66.0,29.91,29.9823,319,287100,947,1139400,2025-10-15T04:20:00.000Z,2025-10-17,,,,2025-10-17 09:05:00-07:00
1760716200000,0.0,0.0,0,0,1,196,63.3,70,53.34,63.3,29.91,29.9827,271,243900,676,852300,2025-10-15T04:20:00.000Z,2025-10-17,,,,2025-10-17 08:50:00-07:00
1760715300000,0.0,1.1185,0,0,1,125,60.4,73,51.7,60.4,29.91,29.9831,224,201600,452,608400,2025-10-15T04:20:00.000Z,2025-10-17,,,,2025-10-17 08:35:00-07:00
1760714400000,0.0,2.0132,0,0,1,95,57.0,76,49.51,57.0,29.91,29.9836,176,158400,276,406800,2025-10-15T04:20:00.000Z,2025-10-17,4.29,,,2025-10-17 08:20:00-07:00
1760713500000,0.0,0.0,0,0,1,76,54.3,80,48.26,54.3,29.91,29.984,130,117000,146,248400,2025-10-15T04:20:00.000Z,2025-10-17,,,,2025-10-17 08:05:00-07:00
1760712660000,0.2237,2.0132,0,0,1,72,52.5,80,46.51,52.5,29.9,29.9742,87,78300,59,131400,2025-10-15T04:20:00.000Z,2025-10-17,,,,2025-10-17 07:51:00-07:00
1760711700000,0.0,1.7895,0,0,1,74,52.2,81,46.55,52.2,29.9,29.9743,48,43200,11,53100,2025-10-15T04:20:00.000Z,2025-10-17,,,,2025-10-17 07:35:00-07:00
1760710800000,0.0,1.1185,0,0,1,74,52.2,81,46.55,52.2,29.89,29.9642,11,9900,0,9900,2025-10-15T04:20:00.000Z,2025-10-17,4.22,,,2025-10-17 07:20:00-07:00
1760709960000,0.0,0.8948,0,0,1,74,51.4,84,46.73,51.4,29.89,29.9644,0,0,0,0,2025-10-15T04:20:00.000Z,2025-10-17,,,,2025-10-17 07:06:00-07:00
1760709000000,0.0,0.8948,0,0,1,74,50.9,86,46.86,50.9,29.89,29.9644,0,0,0,0,2025-10-15T04:20:00.000Z,2025-10-17,,,,2025-10-17 06:50:00-07:00
1760708100000,0.2237,2.6843,0,0,1,74,51.6,84,46.92,51.6,29.89,29.9643,0,0,0,0,2025-10-15T04:20:00.000Z,2025-10-17,,,,2025-10-17 06:35:00-07:00
1760707260000,0.4474,2.6843,0,0,1,74,52.0,83,47.0,52.0,29.89,29.9643,0,0,0,0,2025-10-15T04:20:00.000Z,2025-10-17,4.24,,,2025-10-17 06:21:00-07:00
1760706360000,0.8948,2.6843,0,0,1,74,52.0,86,47.94,52.0,29.88,29.9542,0,0,0,0,2025-10-15T04:20:00.000Z,2025-10-17,,,,2025-10-17 06:06:00-07:00
1760705460000,0.8948,2.0132,0,0,1,74,51.3,89,48.17,51.3,29.87,29.9443,0,0,0,0,2025-10-15T04:20:00.000Z,2025-10-17,,,,2025-10-17 05:51:00-07:00
1760704500000,0.6711,3.1317,0,0,1,74,51.4,89,48.27,51.4,29.87,29.9443,0,0,0,0,2025-10-15T04:20:00.000Z,2025-10-17,,,,2025-10-17 05:35:00-07:00
1760703660000,0.2237,1.5659,0,0,1,74,51.6,89,48.46,51.6,29.87,29.9443,0,0,0,0,2025-10-15T04:20:00.000Z,2025-10-17,4.24,,,2025-10-17 05:21:00-07:00
1760702700000,0.0,1.5659,0,0,1,74,52.9,89,49.75,52.9,29.86,29.9341,0,0,0,0,2025-10-15T04:20:00.000Z,2025-10-17,,,,2025-10-17 05:05:00-07:00
1760701860000,0.0,0.0,0,0,1,74,53.6,89,50.44,53.6,29.86,29.934,0,0,0,0,2025-10-15T04:20:00.000Z,2025-10-17,,,,2025-10-17 04:51:00-07:00
1760700900000,0.0,1.3422,0,0,1,74,53.2,89,50.04,53.2,29.87,29.944,0,0,0,0,2025-10-15T04:20:00.000Z,2025-10-17,,,,2025-10-17 04:35:00-07:00
1760700060000,0.2237,2.0132,0,0,1,74,53.2,89,50.04,53.2,29.86,29.934,0,0,0,0,2025-10-15T04:20:00.000Z,2025-10-17,4.25,,,2025-10-17 04:21:00-07:00
1760699160000,0.0,1.1185,0,0,1,74,52.5,88,49.05,52.5,29.86,29.9341,0,0,0,0,2025-10-15T04:20:00.000Z,2025-10-17,,,,2025-10-17 04:06:00-07:00
1760698260000,0.2237,2.2369,0,0,1,74,52.5,87,48.74,52.5,29.86,29.9341,0,0,0,0,2025-10-15T04:20:00.000Z,2025-10-17,,,,2025-10-17 03:51:00-07:00
1760697360000,0.0,1.1185,0,0,1,74,53.1,86,49.02,53.1,29.86,29.934,0,0,0,0,2025-10-15T04:20:00.000Z,2025-10-17,,,,2025-10-17 03:36:00-07:00
1760696400000,0.0,0.0,0,0,1,74,52.7,84,48.0,52.7,29.85,29.9241,0,0,0,0,2025-10-15T04:20:00.000Z,2025-10-17,4.26,,,2025-10-17 03:20:00-07:00
1760695500000,0.0,1.3422,0,0,1,74,52.7,83,47.68,52.7,29.86,29.9341,0,0,0,0,2025-10-15T04:20:00.000Z,2025-10-17,,,,2025-10-17 03:05:00-07:00
1760694600000,0.6711,2.6843,0,0,1,74,52.7,83,47.68,52.7,29.86,29.9341,0,0,0,0,2025-10-15T04:20:00.000Z,2025-10-17,,,,2025-10-17 02:50:00-07:00
1760693700000,0.6711,3.8028,0,0,1,154,52.7,84,48.0,52.7,29.86,29.9341,0,0,0,0,2025-10-15T04:20:00.000Z,2025-10-17,,,,2025-10-17 02:35:00-07:00
1760692800000,0.0,0.0,0,0,1,214,53.4,84,48.69,53.4,29.85,29.924,0,0,0,0,2025-10-15T04:20:00.000Z,2025-10-17,4.27,,,2025-10-17 02:20:00-07:00
1760691900000,0.4474,2.6843,0,0,1,214,53.1,84,48.39,53.1,29.85,29.924,0,0,0,0,2025-10-15T04:20:00.000Z,2025-10-17,,,,2025-10-17 02:05:00-07:00
1760691000000,0.0,0.0,0,0,1,214,53.8,83,48.76,53.8,29.85,29.9239,0,0,0,0,2025-10-15T04:20:00.000Z,2025-10-17,,,,2025-10-17 01:50:00-07:00
1760690100000,0.0,0.0,0,0,1,214,54.1,84,49.37,54.1,29.85,29.9239,0,0,0,0,2025-10-15T04:20:00.000Z,2025-10-17,,,,2025-10-17 01:35:00-07:00
1760689260000,0.0,1.3422,0,0,1,214,53.4,86,49.32,53.4,29.85,29.924,0,0,0,0,2025-10-15T04:20:00.000Z,2025-10-17,4.27,,,2025-10-17 01:21:00-07:00
1760688300000,0.2237,1.7895,0,0,1,214,53.4,87,49.63,53.4,29.85,29.924,0,0,0,0,2025-10-15T04:20:00.000Z,2025-10-17,,,,2025-10-17 01:05:00-07:00
1760687400000,0.0,0.0,0,0,1,205,53.8,87,50.02,53.8,29.85,29.9239,0,0,0,0,2025-10-15T04:20:00.000Z,2025-10-17,,,,2025-10-17 00:50:00-07:00
1760686500000,0.4474,3.1317,0,0,1,80,54.7,85,50.28,54.7,29.85,29.9238,0,0,0,0,2025-10-15T04:20:00.000Z,2025-10-17,,,,2025-10-17 00:35:00-07:00
1760685660000,1.3422,5.816,0,0,1,61,54.3,87,50.51,54.3,29.85,29.9238,0,0,0,0,2025-10-15T04:20:00.000Z,2025-10-17,4.28,,,2025-10-17 00:21:00-07:00
1760684700000,0.0,0.0,0,0,1,90,54.5,86,50.4,54.5,29.85,29.9238,0,0,0,0,2025-10-15T04:20:00.000Z,2025-10-17,,,,2025-10-17 00:05:00-07:00
