dateutc,windspeedmph,windgustmph,hourlyrainin,dailyrainin,trustdevicetime,winddir,tempf,humidity,batt1volts,baromabsin,baromrelin,solarradiation,sis,sds,solarradday,feelsLike,dewPoint,lastRain,date,tz,historical,local_time
1747982760000,0.0,0.0,0,0,1,205,57.2,91,4.29,29.93,30.027,0,0,8651,7785900,57.2,54.6,2025-04-26T15:31:00.000Z,2025-05-22,,,2025-05-22 23:46:00-07:00
1747981860000,0.0,0.0,0,0,1,205,57.6,90,,29.93,30.0269,0,0,8651,7785900,57.6,54.69,2025-04-26T15:31:00.000Z,2025-05-22,,,2025-05-22 23:31:00-07:00
1747980960000,0.0,0.0,0,0,1,205,58.3,91,,29.93,30.0267,0,0,8651,7785900,58.3,55.68,2025-04-26T15:31:00.000Z,2025-05-22,,,2025-05-22 23:16:00-07:00
1747980060000,0.0,0.0,0,0,1,205,58.3,92,,29.93,30.0267,0,0,8651,7785900,58.3,55.98,2025-04-26T15:31:00.000Z,2025-05-22,,,2025-05-22 23:01:00-07:00
1747979160000,0.0,0.0,0,0,1,205,58.1,91,4.29,29.93,30.0268,0,0,8651,7785900,58.1,55.48,2025-04-26T15:31:00.000Z,2025-05-22,,,2025-05-22 22:46:00-07:00
1747978260000,0.0,0.0,0,0,1,205,58.1,89,,29.93,30.0268,0,0,8651,7785900,58.1,54.87,2025-04-26T15:31:00.000Z,2025-05-22,,,2025-05-22 22:31:00-07:00
1747977360000,0.0,0.0,0,0,1,205,58.6,89,,29.93,30.0267,0,0,8651,7785900,58.6,55.37,2025-04-26T15:31:00.000Z,2025-05-22,,,2025-05-22 22:16:00-07:00
1747976460000,0.0,0.0,0,0,1,205,59.2,90,,29.93,30.0266,0,0,8651,7785900,59.2,56.27,2025-04-26T15:31:00.000Z,2025-05-22,,,2025-05-22 22:01:00-07:00
1747975560000,0.0,1.5659,0,0,1,205,59.4,89,4.3,29.93,30.0265,0,0,8651,7785900,59.4,56.15,2025-04-26T15:31:00.000Z,2025-05-22,,,2025-05-22 21:46:00-07:00
1747974660000,0.0,0.0,0,0,1,205,59.7,89,,29.92,30.0165,0,0,8651,7785900,59.7,56.45,2025-04-26T15:31:00.000Z,2025-05-22,,,2025-05-22 21:31:00-07:00
1747973760000,0.0,0.0,0,0,1,205,60.1,89,,29.92,30.0164,0,0,8651,7785900,60.1,56.84,2025-04-26T15:31:00.000Z,2025-05-22,,,2025-05-22 21:16:00-07:00
1747972860000,0.0,0.0,0,0,1,205,60.4,88,,29.92,30.0163,0,0,8651,7785900,60.4,56.83,2025-04-26T15:31:00.000Z,2025-05-22,,,2025-05-22 21:01:00-07:00
1747971960000,0.0,0.0,0,0,1,205,61.0,87,4.3,29.91,30.0062,0,0,8651,7785900,61.0,57.1,2025-04-26T15:31:00.000Z,2025-05-22,,,2025-05-22 20:46:00-07:00
1747971060000,0.0,0.0,0,0,1,205,61.3,87,,29.91,30.0061,0,0,8651,7785900,61.3,57.39,2025-04-26T15:31:00.000Z,2025-05-22,,,2025-05-22 20:31:00-07:00
1747970160000,0.0,0.0,0,0,1,205,61.9,86,,29.91,30.006,0,0,8651,7785900,61.9,57.66,2025-04-26T15:31:00.000Z,2025-05-22,,,2025-05-22 20:16:00-07:00
1747969260000,0.0,0.0,0,0,1,205,62.6,85,,29.91,30.0059,1,480,8650,7785900,62.6,58.02,2025-04-26T15:31:00.000Z,2025-05-22,,,2025-05-22 20:01:00-07:00
1747968360000,0.2237,1.5659,0,0,1,205,63.1,83,,29.9,29.9958,3,1260,8647,7785000,63.1,57.85,2025-04-26T15:31:00.000Z,2025-05-22,,,2025-05-22 19:46:00-07:00
1747967460000,0.2237,1.7895,0,0,1,205,63.5,83,,29.89,29.9857,6,2880,8641,7782300,63.5,58.24,2025-04-26T15:31:00.000Z,2025-05-22,,,2025-05-22 19:31:00-07:00
1747966560000,0.2237,2.0132,0,0,1,205,63.7,83,,29.89,29.9856,10,4200,8631,7776900,63.7,58.44,2025-04-26T15:31:00.000Z,2025-05-22,,,2025-05-22 19:16:00-07:00
1747965660000,0.4474,2.0132,0,0,1,205,63.5,84,4.3,29.9,29.9957,14,6720,8617,7767900,63.5,58.57,2025-04-26T15:31:00.000Z,2025-05-22,,,2025-05-22 19:01:00-07:00
1747964760000,0.0,1.3422,0,0,1,205,63.1,86,,29.9,29.9958,23,9660,8594,7755300,63.1,58.84,2025-04-26T15:31:00.000Z,2025-05-22,,,2025-05-22 18:46:00-07:00
1747963860000,0.0,1.3422,0,0,1,205,62.6,86,,29.91,30.0059,30,14400,8564,7734600,62.6,58.35,2025-04-26T15:31:00.000Z,2025-05-22,,,2025-05-22 18:31:00-07:00
1747962960000,1.3422,2.6843,0,0,1,205,62.6,85,,29.91,30.0059,24,10080,8540,7707600,62.6,58.02,2025-04-26T15:31:00.000Z,2025-05-22,,,2025-05-22 18:16:00-07:00
1747962060000,1.1185,2.4606,0,0,1,205,62.8,85,4.31,29.91,30.0059,25,12000,8515,7686000,62.8,58.22,2025-04-26T15:31:00.000Z,2025-05-22,,,2025-05-22 18:01:00-07:00
1747961160000,1.7895,3.1317,0,0,1,205,62.8,86,,29.9,29.9958,35,14700,8480,7663500,62.8,58.55,2025-04-26T15:31:00.000Z,2025-05-22,,,2025-05-22 17:46:00-07:00
1747960260000,1.5659,3.5791,0,0,1,205,63.0,85,,29.91,30.0058,37,17760,8443,7632000,63.0,58.42,2025-04-26T15:31:00.000Z,2025-05-22,,,2025-05-22 17:31:00-07:00
1747959360000,2.2369,3.1317,0,0,1,205,63.0,85,,29.91,30.0058,42,17640,8401,7598700,63.0,58.42,2025-04-26T15:31:00.000Z,2025-05-22,,,2025-05-22 17:16:00-07:00
1747958460000,2.0132,4.0265,0,0,1,205,62.8,85,4.31,29.92,30.0159,43,20640,8358,7560900,62.8,58.22,2025-04-26T15:31:00.000Z,2025-05-22,,,2025-05-22 17:01:00-07:00
1747957560000,2.4606,3.8028,0,0,1,205,63.1,84,,29.92,30.0158,47,19740,8311,7522200,63.1,58.18,2025-04-26T15:31:00.000Z,2025-05-22,,,2025-05-22 16:46:00-07:00
1747956660000,2.2369,3.8028,0,0,1,205,63.3,83,,29.92,30.0158,63,30240,8248,7479900,63.3,58.04,2025-04-26T15:31:00.000Z,2025-05-22,,,2025-05-22 16:31:00-07:00
1747955760000,2.0132,4.0265,0,0,1,205,63.5,83,,29.92,30.0158,101,42420,8147,7423200,63.5,58.24,2025-04-26T15:31:00.000Z,2025-05-22,,,2025-05-22 16:16:00-07:00
1747954860000,2.4606,4.6976,0,0,1,205,63.1,84,4.32,29.92,30.0158,58,27840,8089,7332300,63.1,58.18,2025-04-26T15:31:00.000Z,2025-05-22,,,2025-05-22 16:01:00-07:00
1747953960000,2.0132,4.6976,0,0,1,205,63.5,83,,29.93,30.0258,115,48300,7974,7280100,63.5,58.24,2025-04-26T15:31:00.000Z,2025-05-22,,,2025-05-22 15:46:00-07:00
1747953060000,1.3422,4.0265,0,0,1,205,63.7,83,,29.93,30.0257,239,114720,7735,7176600,63.7,58.44,2025-04-26T15:31:00.000Z,2025-05-22,,,2025-05-22 15:31:00-07:00
1747952160000,1.7895,4.6976,0,0,1,205,63.3,84,,29.94,30.0359,159,66780,7576,6961500,63.3,58.38,2025-04-26T15:31:00.000Z,2025-05-22,,,2025-05-22 15:16:00-07:00
1747951260000,2.908,4.0265,0,0,1,205,63.3,83,4.33,29.94,30.0359,82,39360,7494,6818400,63.3,58.04,2025-04-26T15:31:00.000Z,2025-05-22,,,2025-05-22 15:01:00-07:00
1747950360000,2.908,4.4739,0,0,1,205,64.0,82,,29.94,30.0357,80,33600,7414,6744600,64.0,58.39,2025-04-26T15:31:00.000Z,2025-05-22,,,2025-05-22 14:46:00-07:00
1747949460000,2.6843,4.4739,0,0,1,208,64.6,81,,29.94,30.0356,89,42720,7325,6672600,64.6,58.63,2025-04-26T15:31:00.000Z,2025-05-22,,,2025-05-22 14:31:00-07:00
1747948560000,2.4606,4.4739,0,0,1,217,64.8,80,,29.94,30.0356,99,41580,7226,6592500,64.8,58.48,2025-04-26T15:31:00.000Z,2025-05-22,,,2025-05-22 14:16:00-07:00
1747947660000,2.4606,4.9213,0,0,1,217,65.1,79,4.35,29.94,30.0355,324,155520,6754,6370200,65.1,58.42,2025-04-26T15:31:00.000Z,2025-05-22,,,2025-05-22 14:01:00-07:00
1747946760000,2.2369,4.2502,0,0,1,217,65.8,79,,29.95,30.0454,148,62160,7078,6211800,65.8,59.1,,2025-05-22,America/Los_Angeles,True,2025-05-22 13:46:00-07:00
1747945860000,2.6843,4.4739,0,0,1,217,66.0,78,,29.94,30.0354,124,59520,6630,6078600,66.0,58.94,2025-04-26T15:31:00.000Z,2025-05-22,,,2025-05-22 13:31:00-07:00
1747944960000,2.4606,4.2502,0,0,1,217,66.6,78,,29.94,30.0353,178,74760,6452,5967000,66.6,59.52,2025-04-26T15:31:00.000Z,2025-05-22,,,2025-05-22 13:16:00-07:00
1747944060000,2.2369,4.0265,0,0,1,217,66.6,77,4.45,29.94,30.0353,259,124320,6193,5806800,66.6,59.16,2025-04-26T15:31:00.000Z,2025-05-22,,,2025-05-22 13:01:00-07:00
1747943160000,2.4606,4.4739,0,0,1,217,66.9,77,,29.94,30.0352,351,147420,5842,5573700,66.9,59.45,2025-04-26T15:31:00.000Z,2025-05-22,,,2025-05-22 12:46:00-07:00
1747942260000,2.6843,4.4739,0,0,1,217,67.3,77,,29.94,30.0351,721,346080,5121,5257800,67.3,59.83,2025-04-26T15:31:00.000Z,2025-05-22,,,2025-05-22 12:31:00-07:00
1747941360000,2.6843,4.4739,0,0,1,217,66.6,78,,29.95,30.0453,878,368760,4243,4608900,66.6,59.52,2025-04-26T15:31:00.000Z,2025-05-22,,,2025-05-22 12:16:00-07:00
1747940460000,3.1317,4.6976,0,0,1,217,65.8,80,4.54,29.95,30.0454,860,412800,3383,3818700,65.8,59.45,2025-04-26T15:31:00.000Z,2025-05-22,,,2025-05-22 12:01:00-07:00
1747939560000,2.908,4.4739,0,0,1,217,65.8,79,,29.95,30.0454,789,331380,2594,3044700,65.8,59.1,2025-04-26T15:31:00.000Z,2025-05-22,,,2025-05-22 11:46:00-07:00
1747938660000,2.6843,4.4739,0,0,1,217,64.8,81,,29.95,30.0456,804,385920,1790,2334600,64.8,58.83,2025-04-26T15:31:00.000Z,2025-05-22,,,2025-05-22 11:31:00-07:00
1747937760000,2.6843,4.4739,0,0,1,217,64.6,82,4.26,29.96,30.0557,287,120540,1503,1611000,64.6,58.98,2025-04-26T15:31:00.000Z,2025-05-22,,,2025-05-22 11:16:00-07:00
1747936860000,2.4606,3.8028,0,0,1,217,64.0,83,,29.95,30.0458,93,44640,1410,1352700,64.0,58.73,2025-04-26T15:31:00.000Z,2025-05-22,,,2025-05-22 11:01:00-07:00
1747935960000,3.1317,4.9213,0,0,1,217,63.5,84,,29.95,30.0458,84,35280,1326,1269000,63.5,58.57,2025-04-26T15:31:00.000Z,2025-05-22,,,2025-05-22 10:46:00-07:00
1747935060000,2.4606,4.0265,0,0,1,217,63.5,84,,29.95,30.0458,94,45120,1232,1193400,63.5,58.57,2025-04-26T15:31:00.000Z,2025-05-22,,,2025-05-22 10:31:00-07:00
1747934160000,2.4606,3.8028,0,0,1,217,63.1,85,4.26,29.95,30.0459,88,36960,1144,1108800,63.1,58.51,2025-04-26T15:31:00.000Z,2025-05-22,,,2025-05-22 10:16:00-07:00
1747933260000,2.4606,3.5791,0,0,1,217,62.4,86,,29.95,30.0461,168,80640,976,1029600,62.4,58.15,2025-04-26T15:31:00.000Z,2025-05-22,,,2025-05-22 10:01:00-07:00
1747932360000,2.4606,3.8028,0,0,1,217,61.7,88,,29.95,30.0462,112,47040,864,878400,61.7,58.11,2025-04-26T15:31:00.000Z,2025-05-22,,,2025-05-22 09:46:00-07:00
1747931460000,2.6843,3.5791,0,0,1,217,61.9,88,,29.95,30.0461,185,88800,679,777600,61.9,58.3,2025-04-26T15:31:00.000Z,2025-05-22,,,2025-05-22 09:31:00-07:00
1747930560000,1.3422,2.6843,0,0,1,217,62.1,88,4.25,29.95,30.0461,139,58380,540,611100,62.1,58.5,2025-04-26T15:31:00.000Z,2025-05-22,,,2025-05-22 09:16:00-07:00
1747929660000,0.2237,2.0132,0,0,1,217,61.2,90,,29.95,30.0463,112,53760,428,486000,61.2,58.24,2025-04-26T15:31:00.000Z,2025-05-22,,,2025-05-22 09:01:00-07:00
1747928760000,0.2237,1.7895,0,0,1,217,60.6,92,,29.95,30.0464,92,38640,336,385200,60.6,58.26,2025-04-26T15:31:00.000Z,2025-05-22,,,2025-05-22 08:46:00-07:00
1747927860000,0.2237,2.4606,0,0,1,217,59.9,93,,29.94,30.0365,72,34560,264,302400,59.9,57.87,2025-04-26T15:31:00.000Z,2025-05-22,,,2025-05-22 08:31:00-07:00
1747926960000,0.6711,2.2369,0,0,1,217,59.5,94,4.25,29.94,30.0366,56,23520,208,237600,59.5,57.77,2025-04-26T15:31:00.000Z,2025-05-22,,,2025-05-22 08:16:00-07:00
1747926060000,0.0,0.0,0,0,1,217,59.0,94,,29.94,30.0367,55,26400,153,187200,59.0,57.27,2025-04-26T15:31:00.000Z,2025-05-22,,,2025-05-22 08:01:00-07:00
1747925160000,0.0,0.0,0,0,1,217,58.5,94,,29.94,30.0367,51,21420,102,137700,58.5,56.78,2025-04-26T15:31:00.000Z,2025-05-22,,,2025-05-22 07:46:00-07:00
1747924260000,0.0,0.0,0,0,1,217,57.2,94,,29.93,30.027,41,19680,61,91800,57.2,55.49,2025-04-26T15:31:00.000Z,2025-05-22,,,2025-05-22 07:31:00-07:00
1747923360000,0.0,0.0,0,0,1,217,56.1,94,4.23,29.93,30.0272,28,11760,33,54900,56.1,54.4,2025-04-26T15:31:00.000Z,2025-05-22,,,2025-05-22 07:16:00-07:00
1747922460000,0.0,0.0,0,0,1,217,55.6,94,,29.92,30.0172,15,7200,18,29700,55.6,53.9,2025-04-26T15:31:00.000Z,2025-05-22,,,2025-05-22 07:01:00-07:00
1747921560000,0.0,0.0,0,0,1,217,55.2,94,,29.91,30.0073,9,3780,9,16200,55.2,53.5,2025-04-26T15:31:00.000Z,2025-05-22,,,2025-05-22 06:46:00-07:00
1747920660000,0.0,0.0,0,0,1,217,54.9,95,,29.91,30.0073,6,2880,3,8100,54.9,53.49,2025-04-26T15:31:00.000Z,2025-05-22,,,2025-05-22 06:31:00-07:00
1747919760000,0.0,0.0,0,0,1,217,54.5,94,4.24,29.9,29.9974,3,1260,0,2700,54.5,52.81,2025-04-26T15:31:00.000Z,2025-05-22,,,2025-05-22 06:16:00-07:00
1747918860000,0.0,0.0,0,0,1,217,54.7,94,,29.9,29.9973,0,0,0,0,54.7,53.01,2025-04-26T15:31:00.000Z,2025-05-22,,,2025-05-22 06:01:00-07:00
1747917960000,0.0,0.0,0,0,1,217,55.0,95,,29.9,29.9973,0,0,0,0,55.0,53.59,2025-04-26T15:31:00.000Z,2025-05-22,,,2025-05-22 05:46:00-07:00
1747917060000,0.0,0.0,0,0,1,217,54.7,95,,29.9,29.9973,0,0,0,0,54.7,53.3,2025-04-26T15:31:00.000Z,2025-05-22,,,2025-05-22 05:31:00-07:00
1747916160000,0.0,0.0,0,0,1,217,54.0,95,4.25,29.89,29.9874,0,0,0,0,54.0,52.6,2025-04-26T15:31:00.000Z,2025-05-22,,,2025-05-22 05:16:00-07:00
1747915260000,0.0,0.0,0,0,1,217,54.3,95,,29.89,29.9874,0,0,0,0,54.3,52.9,2025-04-26T15:31:00.000Z,2025-05-22,,,2025-05-22 05:01:00-07:00
1747914360000,0.0,0.0,0,0,1,217,54.7,95,,29.89,29.9873,0,0,0,0,54.7,53.3,2025-04-26T15:31:00.000Z,2025-05-22,,,2025-05-22 04:46:00-07:00
1747913460000,0.0,0.0,0,0,1,217,54.9,95,,29.88,29.9772,0,0,0,0,54.9,53.49,2025-04-26T15:31:00.000Z,2025-05-22,,,2025-05-22 04:31:00-07:00
1747912560000,0.0,0.0,0,0,1,217,55.0,94,4.26,29.88,29.9772,0,0,0,0,55.0,53.3,2025-04-26T15:31:00.000Z,2025-05-22,,,2025-05-22 04:16:00-07:00
1747911660000,0.0,0.0,0,0,1,217,54.9,94,,29.88,29.9772,0,0,0,0,54.9,53.2,2025-04-26T15:31:00.000Z,2025-05-22,,,2025-05-22 04:01:00-07:00
1747910760000,0.0,0.0,0,0,1,217,54.7,94,,29.88,29.9773,0,0,0,0,54.7,53.01,2025-04-26T15:31:00.000Z,2025-05-22,,,2025-05-22 03:46:00-07:00
1747909860000,0.0,0.0,0,0,1,217,55.0,94,,29.88,29.9772,0,0,0,0,55.0,53.3,2025-04-26T15:31:00.000Z,2025-05-22,,,2025-05-22 03:31:00-07:00
1747908960000,0.0,0.0,0,0,1,217,55.0,93,4.27,29.88,29.9772,0,0,0,0,55.0,53.01,2025-04-26T15:31:00.000Z,2025-05-22,,,2025-05-22 03:16:00-07:00
1747908060000,0.0,0.0,0,0,1,217,55.0,93,,29.88,29.9772,0,0,0,0,55.0,53.01,2025-04-26T15:31:00.000Z,2025-05-22,,,2025-05-22 03:01:00-07:00
1747907160000,0.0,0.0,0,0,1,217,55.0,93,,29.87,29.9672,0,0,0,0,55.0,53.01,2025-04-26T15:31:00.000Z,2025-05-22,,,2025-05-22 02:46:00-07:00
1747906260000,0.0,0.0,0,0,1,217,55.4,93,,29.88,29.9771,0,0,0,0,55.4,53.41,2025-04-26T15:31:00.000Z,2025-05-22,,,2025-05-22 02:31:00-07:00
1747905360000,0.0,0.0,0,0,1,217,55.9,92,4.25,29.88,29.977,0,0,0,0,55.9,53.61,2025-04-26T15:31:00.000Z,2025-05-22,,,2025-05-22 02:16:00-07:00
1747904460000,0.0,0.0,0,0,1,217,56.3,92,,29.88,29.977,0,0,0,0,56.3,54.0,2025-04-26T15:31:00.000Z,2025-05-22,,,2025-05-22 02:01:00-07:00
1747903560000,0.0,0.0,0,0,1,217,56.8,91,,29.88,29.9769,0,0,0,0,56.8,54.2,2025-04-26T15:31:00.000Z,2025-05-22,,,2025-05-22 01:46:00-07:00
1747902660000,0.2237,1.7895,0,0,1,217,56.8,92,,29.88,29.9769,0,0,0,0,56.8,54.5,2025-04-26T15:31:00.000Z,2025-05-22,,,2025-05-22 01:31:00-07:00
1747901760000,0.0,1.1185,0,0,1,217,56.3,92,4.27,29.88,29.977,0,0,0,0,56.3,54.0,2025-04-26T15:31:00.000Z,2025-05-22,,,2025-05-22 01:16:00-07:00
1747900860000,0.0,1.1185,0,0,1,217,56.1,90,,29.89,29.987,0,0,0,0,56.1,53.21,2025-04-26T15:31:00.000Z,2025-05-22,,,2025-05-22 01:01:00-07:00
1747899960000,0.0,0.0,0,0,1,217,56.5,92,,29.89,29.987,0,0,0,0,56.5,54.2,2025-04-26T15:31:00.000Z,2025-05-22,,,2025-05-22 00:46:00-07:00
1747899060000,0.0,0.0,0,0,1,217,56.7,92,,29.88,29.9769,0,0,0,0,56.7,54.4,2025-04-26T15:31:00.000Z,2025-05-22,,,2025-05-22 00:31:00-07:00
1747898160000,0.0,0.0,0,0,1,217,56.8,91,4.28,29.89,29.9869,0,0,0,0,56.8,54.2,2025-04-26T15:31:00.000Z,2025-05-22,,,2025-05-22 00:16:00-07:00
1747897260000,0.0,0.0,0,0,1,217,56.8,90,,29.89,29.9869,0,0,0,0,56.8,53.9,2025-04-26T15:31:00.000Z,2025-05-22,,,2025-05-22 00:01:00-07:00
