dateutc,windspeedmph,windgustmph,hourlyrainin,dailyrainin,trustdevicetime,winddir,tempf,humidity,batt1volts,baromabsin,baromrelin,solarradiation,sis,sds,solarradday,feelsLike,dewPoint,lastRain,date,tz,historical,local_time
1746514200000,2.0132,4.2502,0,0,1,263,55.0,89,4.29,29.89,29.9638,0,0,25758,23182200,55.0,51.82,2025-04-26T15:20:00.000Z,2025-05-05,,,2025-05-05 23:50:00-07:00
1746513300000,1.3422,4.9213,0,0,1,207,55.6,88,,29.89,29.9637,0,0,25758,23182200,55.6,52.1,2025-04-26T15:20:00.000Z,2025-05-05,,,2025-05-05 23:35:00-07:00
1746512400000,0.0,0.0,0,0,1,202,55.8,88,,29.89,29.9637,0,0,25758,23182200,55.8,52.3,2025-04-26T15:20:00.000Z,2025-05-05,,,2025-05-05 23:20:00-07:00
1746511500000,0.0,0.0,0,0,1,202,55.6,88,,29.89,29.9637,0,0,25758,23182200,55.6,52.1,2025-04-26T15:20:00.000Z,2025-05-05,,,2025-05-05 23:05:00-07:00
1746510600000,0.0,0.0,0,0,1,202,55.4,87,4.3,29.88,29.9537,0,0,25758,23182200,55.4,51.59,2025-04-26T15:20:00.000Z,2025-05-05,,,2025-05-05 22:50:00-07:00
1746509700000,0.0,0.0,0,0,1,202,56.3,86,,29.88,29.9536,0,0,25758,23182200,56.3,52.17,2025-04-26T15:20:00.000Z,2025-05-05,,,2025-05-05 22:35:00-07:00
1746508800000,0.0,0.0,0,0,1,202,56.8,86,,29.88,29.9535,0,0,25758,23182200,56.8,52.66,2025-04-26T15:20:00.000Z,2025-05-05,,,2025-05-05 22:20:00-07:00
1746507900000,0.0,0.0,0,0,1,202,56.7,86,,29.88,29.9536,0,0,25758,23182200,56.7,52.56,2025-04-26T15:20:00.000Z,2025-05-05,,,2025-05-05 22:05:00-07:00
1746507000000,0.0,0.0,0,0,1,202,56.8,86,4.3,29.88,29.9535,0,0,25758,23182200,56.8,52.66,2025-04-26T15:20:00.000Z,2025-05-05,,,2025-05-05 21:50:00-07:00
1746506100000,0.0,0.0,0,0,1,202,57.0,85,,29.87,29.9435,0,0,25758,23182200,57.0,52.53,2025-04-26T15:20:00.000Z,2025-05-05,,,2025-05-05 21:35:00-07:00
1746505200000,0.0,0.0,0,0,1,202,57.6,85,,29.87,29.9434,0,0,25758,23182200,57.6,53.12,2025-04-26T15:20:00.000Z,2025-05-05,,,2025-05-05 21:20:00-07:00
1746504300000,0.0,0.0,0,0,1,202,57.7,84,,29.87,29.9434,0,0,25758,23182200,57.7,52.9,2025-04-26T15:20:00.000Z,2025-05-05,,,2025-05-05 21:05:00-07:00
1746503400000,0.2237,2.2369,0,0,1,202,57.6,84,4.31,29.86,29.9334,0,0,25758,23182200,57.6,52.8,2025-04-26T15:20:00.000Z,2025-05-05,,,2025-05-05 20:50:00-07:00
1746502500000,0.0,0.0,0,0,1,202,57.4,85,,29.85,29.9234,0,0,25758,23182200,57.4,52.93,2025-04-26T15:20:00.000Z,2025-05-05,,,2025-05-05 20:35:00-07:00
1746501600000,0.0,0.0,0,0,1,202,57.2,85,,29.85,29.9234,0,0,25758,23182200,57.2,52.73,2025-04-26T15:20:00.000Z,2025-05-05,,,2025-05-05 20:20:00-07:00
1746500700000,0.0,1.1185,0,0,1,202,57.2,85,,29.84,29.9134,0,0,25758,23182200,57.2,52.73,2025-04-26T15:20:00.000Z,2025-05-05,,,2025-05-05 20:05:00-07:00
1746499800000,1.1185,2.908,0,0,1,202,57.2,84,4.31,29.84,29.9134,5,4500,25753,23182200,57.2,52.41,2025-04-26T15:20:00.000Z,2025-05-05,,,2025-05-05 19:50:00-07:00
1746498900000,1.1185,2.6843,0,0,1,202,57.6,83,,29.83,29.9033,20,18000,25733,23177700,57.6,52.47,2025-04-26T15:20:00.000Z,2025-05-05,,,2025-05-05 19:35:00-07:00
1746498000000,1.1185,3.1317,0,0,1,202,58.1,82,,29.83,29.9032,44,39600,25689,23159700,58.1,52.63,2025-04-26T15:20:00.000Z,2025-05-05,,,2025-05-05 19:20:00-07:00
1746497100000,2.2369,4.2502,0,0,1,202,58.6,80,,29.82,29.8931,77,69300,25612,23120100,58.6,52.45,2025-04-26T15:20:00.000Z,2025-05-05,,,2025-05-05 19:05:00-07:00
1746496200000,2.2369,4.4739,0,0,1,202,59.2,79,4.33,29.82,29.8931,113,101700,25499,23050800,59.2,52.69,2025-04-26T15:20:00.000Z,2025-05-05,,,2025-05-05 18:50:00-07:00
1746495300000,3.3554,5.5923,0,0,1,202,59.4,79,,29.81,29.883,153,137700,25346,22949100,59.4,52.88,2025-04-26T15:20:00.000Z,2025-05-05,,,2025-05-05 18:35:00-07:00
1746494400000,3.5791,5.816,0,0,1,202,59.7,78,,29.81,29.883,197,177300,25149,22811400,59.7,52.83,2025-04-26T15:20:00.000Z,2025-05-05,,,2025-05-05 18:20:00-07:00
1746493500000,3.8028,6.9345,0,0,1,195,60.3,77,,29.81,29.8829,240,216000,24909,22634100,60.3,53.06,2025-04-26T15:20:00.000Z,2025-05-05,,,2025-05-05 18:05:00-07:00
1746492600000,4.0265,7.6056,0,0,1,198,60.8,77,4.38,29.81,29.8828,294,264600,24615,22418100,60.8,53.54,2025-04-26T15:20:00.000Z,2025-05-05,,,2025-05-05 17:50:00-07:00
1746491700000,4.6976,7.8293,0,0,1,194,61.2,76,,29.8,29.8727,368,331200,24247,22153500,61.2,53.57,2025-04-26T15:20:00.000Z,2025-05-05,,,2025-05-05 17:35:00-07:00
1746490800000,4.2502,7.1582,0,0,1,205,61.2,77,,29.8,29.8727,373,335700,23874,21822300,61.2,53.93,2025-04-26T15:20:00.000Z,2025-05-05,,,2025-05-05 17:20:00-07:00
1746489900000,4.9213,7.3819,0,0,1,216,62.4,73,,29.8,29.8726,461,414900,23413,21486600,62.4,53.63,2025-04-26T15:20:00.000Z,2025-05-05,,,2025-05-05 17:05:00-07:00
1746489000000,4.0265,6.7108,0,0,1,222,61.9,74,4.38,29.8,29.8726,508,457200,22905,21071700,61.9,53.52,2025-04-26T15:20:00.000Z,2025-05-05,,,2025-05-05 16:50:00-07:00
1746488100000,4.2502,6.7108,0,0,1,208,61.7,74,,29.8,29.8727,535,481500,22370,20614500,61.7,53.32,2025-04-26T15:20:00.000Z,2025-05-05,,,2025-05-05 16:35:00-07:00
1746487200000,5.145,7.8293,0,0,1,209,61.5,75,,29.8,29.8727,578,520200,21792,20133000,61.5,53.5,2025-04-26T15:20:00.000Z,2025-05-05,,,2025-05-05 16:20:00-07:00
1746486300000,5.3686,8.5004,0,0,1,209,61.5,75,,29.79,29.8627,619,557100,21173,19612800,61.5,53.5,2025-04-26T15:20:00.000Z,2025-05-05,,,2025-05-05 16:05:00-07:00
1746485400000,5.3686,8.9477,0,0,1,211,61.5,75,4.39,29.79,29.8627,660,594000,20513,19055700,61.5,53.5,2025-04-26T15:20:00.000Z,2025-05-05,,,2025-05-05 15:50:00-07:00
1746484500000,4.9213,7.3819,0,0,1,204,61.7,74,,29.8,29.8727,696,626400,19817,18461700,61.7,53.32,2025-04-26T15:20:00.000Z,2025-05-05,,,2025-05-05 15:35:00-07:00
1746483600000,4.6976,7.6056,0,0,1,208,62.1,73,,29.8,29.8726,730,657000,19087,17835300,62.1,53.34,2025-04-26T15:20:00.000Z,2025-05-05,,,2025-05-05 15:20:00-07:00
1746482700000,4.6976,7.6056,0,0,1,212,62.4,73,,29.8,29.8726,763,686700,18324,17178300,62.4,53.63,2025-04-26T15:20:00.000Z,2025-05-05,,,2025-05-05 15:05:00-07:00
1746481800000,4.9213,8.7241,0,0,1,217,62.2,74,4.39,29.8,29.8726,791,711900,17533,16491600,62.2,53.81,2025-04-26T15:20:00.000Z,2025-05-05,,,2025-05-05 14:50:00-07:00
1746480900000,4.9213,7.6056,0,0,1,224,62.1,74,,29.81,29.8826,816,734400,16717,15779700,62.1,53.71,2025-04-26T15:20:00.000Z,2025-05-05,,,2025-05-05 14:35:00-07:00
1746480000000,5.3686,8.5004,0,0,1,229,62.6,74,,29.81,29.8826,837,753300,15880,15045300,62.6,54.19,2025-04-26T15:20:00.000Z,2025-05-05,,,2025-05-05 14:20:00-07:00
1746479100000,4.2502,7.8293,0,0,1,237,62.4,75,,29.81,29.8826,867,780300,15013,14292000,62.4,54.37,2025-04-26T15:20:00.000Z,2025-05-05,,,2025-05-05 14:05:00-07:00
1746478200000,5.145,8.2767,0,0,1,210,61.2,77,4.39,29.81,29.8828,832,748800,14181,13511700,61.2,53.93,2025-04-26T15:20:00.000Z,2025-05-05,,,2025-05-05 13:50:00-07:00
1746477300000,5.145,8.5004,0,0,1,212,61.2,78,,29.81,29.8828,843,758700,13338,12762900,61.2,54.28,2025-04-26T15:20:00.000Z,2025-05-05,,,2025-05-05 13:35:00-07:00
1746476400000,4.4739,6.9345,0,0,1,195,61.5,77,,29.81,29.8827,796,716400,12542,12004200,61.5,54.22,2025-04-26T15:20:00.000Z,2025-05-05,,,2025-05-05 13:20:00-07:00
1746475500000,4.6976,7.3819,0,0,1,207,61.2,78,,29.81,29.8828,728,655200,11072,10620000,61.2,54.28,2025-04-26T15:20:00.000Z,2025-05-05,,,2025-05-05 13:05:00-07:00
1746474600000,3.8028,7.3819,0,0,1,174,62.1,76,4.4,29.81,29.8826,742,667800,11800,10632600,62.1,54.44,,2025-05-05,America/Los_Angeles,True,2025-05-05 12:50:00-07:00
1746473700000,6.0397,8.9477,0,0,1,182,62.1,76,,29.81,29.8826,757,681300,10315,9964800,62.1,54.44,2025-04-26T15:20:00.000Z,2025-05-05,,,2025-05-05 12:35:00-07:00
1746472800000,5.3686,9.8425,0,0,1,176,61.7,76,,29.81,29.8827,752,676800,9563,9283500,61.7,54.05,2025-04-26T15:20:00.000Z,2025-05-05,,,2025-05-05 12:20:00-07:00
1746471900000,5.5923,8.5004,0,0,1,172,61.0,78,,29.81,29.8828,753,677700,8810,8606700,61.0,54.09,2025-04-26T15:20:00.000Z,2025-05-05,,,2025-05-05 12:05:00-07:00
1746471000000,6.0397,9.6188,0,0,1,177,61.3,77,4.43,29.82,29.8928,773,695700,8037,7929000,61.3,54.03,2025-04-26T15:20:00.000Z,2025-05-05,,,2025-05-05 11:50:00-07:00
1746470100000,4.9213,7.6056,0,0,1,176,61.0,78,,29.82,29.8928,768,691200,7269,7233300,61.0,54.09,2025-04-26T15:20:00.000Z,2025-05-05,,,2025-05-05 11:35:00-07:00
1746469200000,4.4739,7.6056,0,0,1,179,60.3,79,,29.82,29.8929,605,544500,6664,6542100,60.3,53.76,2025-04-26T15:20:00.000Z,2025-05-05,,,2025-05-05 11:20:00-07:00
1746468300000,5.145,7.6056,0,0,1,178,59.9,80,,29.82,29.893,565,508500,6099,5997600,59.9,53.71,2025-04-26T15:20:00.000Z,2025-05-05,,,2025-05-05 11:05:00-07:00
1746467400000,4.2502,7.1582,0,0,1,173,59.7,80,4.55,29.82,29.893,565,508500,5534,5489100,59.7,53.52,2025-04-26T15:20:00.000Z,2025-05-05,,,2025-05-05 10:50:00-07:00
1746466500000,4.4739,7.1582,0,0,1,173,59.7,80,,29.81,29.883,607,546300,4927,4980600,59.7,53.52,2025-04-26T15:20:00.000Z,2025-05-05,,,2025-05-05 10:35:00-07:00
1746465600000,4.4739,7.6056,0,0,1,167,59.5,81,,29.81,29.883,495,445500,4432,4434300,59.5,53.66,2025-04-26T15:20:00.000Z,2025-05-05,,,2025-05-05 10:20:00-07:00
1746464700000,5.3686,8.5004,0,0,1,168,59.9,80,,29.81,29.8829,465,418500,3967,3988800,59.9,53.71,2025-04-26T15:20:00.000Z,2025-05-05,,,2025-05-05 10:05:00-07:00
1746463800000,5.145,10.0662,0,0,1,145,61.2,77,4.46,29.8,29.8727,621,558900,3346,3570300,61.2,53.93,2025-04-26T15:20:00.000Z,2025-05-05,,,2025-05-05 09:50:00-07:00
1746462900000,5.5923,9.1714,0,0,1,154,60.4,78,,29.8,29.8728,573,515700,2773,3011400,60.4,53.51,2025-04-26T15:20:00.000Z,2025-05-05,,,2025-05-05 09:35:00-07:00
1746462000000,5.5923,11.1847,0,0,1,134,59.9,79,,29.8,29.8729,523,470700,2250,2495700,59.9,53.37,2025-04-26T15:20:00.000Z,2025-05-05,,,2025-05-05 09:20:00-07:00
1746461100000,5.3686,10.7373,0,0,1,130,59.5,81,,29.8,29.873,471,423900,1779,2025000,59.5,53.66,2025-04-26T15:20:00.000Z,2025-05-05,,,2025-05-05 09:05:00-07:00
1746460200000,4.9213,10.961,0,0,1,116,58.8,82,4.37,29.8,29.8731,319,287100,1153,1324800,58.8,53.32,2025-04-26T15:20:00.000Z,2025-05-05,,,2025-05-05 08:50:00-07:00
1746459300000,4.6976,10.2899,0,0,1,116,58.8,82,,29.79,29.863,307,276300,1472,1314000,58.8,53.32,,2025-05-05,America/Los_Angeles,True,2025-05-05 08:35:00-07:00
1746458400000,3.3554,9.6188,0,0,1,111,58.8,80,,29.79,29.863,304,273600,849,1037700,58.8,52.64,2025-04-26T15:20:00.000Z,2025-05-05,,,2025-05-05 08:20:00-07:00
1746457500000,1.3422,7.1582,0,0,1,27,58.1,81,,29.79,29.8631,276,248400,573,764100,58.1,52.3,2025-04-26T15:20:00.000Z,2025-05-05,,,2025-05-05 08:05:00-07:00
1746456600000,0.2237,5.145,0,0,1,76,56.7,82,4.24,29.79,29.8633,212,190800,361,515700,56.7,51.27,2025-04-26T15:20:00.000Z,2025-05-05,,,2025-05-05 07:50:00-07:00
1746455700000,0.0,1.5659,0,0,1,163,54.5,84,,29.78,29.8536,176,158400,185,324900,54.5,49.76,2025-04-26T15:20:00.000Z,2025-05-05,,,2025-05-05 07:35:00-07:00
1746454800000,0.0,0.0,0,0,1,163,51.8,88,,29.78,29.854,103,92700,82,166500,51.8,48.36,2025-04-26T15:20:00.000Z,2025-05-05,,,2025-05-05 07:20:00-07:00
1746453900000,0.0,1.1185,0,0,1,163,49.8,90,,29.77,29.8443,42,37800,40,73800,49.8,46.99,2025-04-26T15:20:00.000Z,2025-05-05,,,2025-05-05 07:05:00-07:00
1746453000000,0.0,0.0,0,0,1,163,49.1,91,4.24,29.77,29.8444,27,24300,13,36000,49.1,46.59,2025-04-26T15:20:00.000Z,2025-05-05,,,2025-05-05 06:50:00-07:00
1746452100000,0.0,0.0,0,0,1,163,48.9,91,,29.76,29.8344,10,9000,3,11700,48.9,46.39,2025-04-26T15:20:00.000Z,2025-05-05,,,2025-05-05 06:35:00-07:00
1746451200000,0.0,0.0,0,0,1,163,49.1,91,,29.76,29.8344,3,2700,0,2700,49.1,46.59,2025-04-26T15:20:00.000Z,2025-05-05,,,2025-05-05 06:20:00-07:00
1746450300000,0.0,0.0,0,0,1,163,48.9,90,,29.75,29.8244,0,0,0,0,48.9,46.1,2025-04-26T15:20:00.000Z,2025-05-05,,,2025-05-05 06:05:00-07:00
1746449400000,0.0,0.0,0,0,1,163,49.6,90,4.25,29.75,29.8243,0,0,0,0,49.6,46.79,2025-04-26T15:20:00.000Z,2025-05-05,,,2025-05-05 05:50:00-07:00
1746448500000,0.0,0.0,0,0,1,163,49.8,90,,29.75,29.8242,0,0,0,0,49.8,46.99,2025-04-26T15:20:00.000Z,2025-05-05,,,2025-05-05 05:35:00-07:00
1746447600000,0.0,0.0,0,0,1,163,50.0,89,,29.74,29.8142,0,0,0,0,50.0,46.89,2025-04-26T15:20:00.000Z,2025-05-05,,,2025-05-05 05:20:00-07:00
1746446700000,0.0,0.0,0,0,1,163,50.7,89,,29.74,29.8141,0,0,0,0,50.7,47.58,2025-04-26T15:20:00.000Z,2025-05-05,,,2025-05-05 05:05:00-07:00
1746445800000,0.0,0.0,0,0,1,163,51.1,89,4.26,29.74,29.814,0,0,0,0,51.1,47.97,2025-04-26T15:20:00.000Z,2025-05-05,,,2025-05-05 04:50:00-07:00
1746444900000,0.0,0.0,0,0,1,163,51.1,89,,29.74,29.814,0,0,0,0,51.1,47.97,2025-04-26T15:20:00.000Z,2025-05-05,,,2025-05-05 04:35:00-07:00
1746444000000,0.0,0.0,0,0,1,163,51.4,88,,29.75,29.824,0,0,0,0,51.4,47.97,2025-04-26T15:20:00.000Z,2025-05-05,,,2025-05-05 04:20:00-07:00
1746443100000,0.0,0.0,0,0,1,163,52.0,88,,29.75,29.8239,0,0,0,0,52.0,48.56,2025-04-26T15:20:00.000Z,2025-05-05,,,2025-05-05 04:05:00-07:00
1746442200000,0.0,0.0,0,0,1,163,52.0,89,4.27,29.75,29.8239,0,0,0,0,52.0,48.86,2025-04-26T15:20:00.000Z,2025-05-05,,,2025-05-05 03:50:00-07:00
1746441300000,0.0,0.0,0,0,1,163,52.2,89,,29.75,29.8239,0,0,0,0,52.2,49.06,2025-04-26T15:20:00.000Z,2025-05-05,,,2025-05-05 03:35:00-07:00
1746440400000,0.0,0.0,0,0,1,163,52.3,88,,29.75,29.8239,0,0,0,0,52.3,48.85,2025-04-26T15:20:00.000Z,2025-05-05,,,2025-05-05 03:20:00-07:00
1746439500000,0.0,0.0,0,0,1,163,52.9,88,,29.76,29.8338,0,0,0,0,52.9,49.44,2025-04-26T15:20:00.000Z,2025-05-05,,,2025-05-05 03:05:00-07:00
1746438600000,0.0,0.0,0,0,1,163,53.1,88,4.27,29.76,29.8338,0,0,0,0,53.1,49.64,2025-04-26T15:20:00.000Z,2025-05-05,,,2025-05-05 02:50:00-07:00
1746437700000,0.0,0.0,0,0,1,163,53.1,87,,29.76,29.8338,0,0,0,0,53.1,49.33,2025-04-26T15:20:00.000Z,2025-05-05,,,2025-05-05 02:35:00-07:00
1746436800000,0.0,0.0,0,0,1,163,53.4,86,,29.77,29.8438,0,0,0,0,53.4,49.32,,2025-05-05,America/Los_Angeles,True,2025-05-05 02:20:00-07:00
1746435900000,0.0,0.0,0,0,1,163,53.8,86,,29.76,29.8337,0,0,0,0,53.8,49.71,2025-04-26T15:20:00.000Z,2025-05-05,,,2025-05-05 02:05:00-07:00
1746435000000,0.0,0.0,0,0,1,163,53.8,87,4.28,29.76,29.8337,0,0,0,0,53.8,50.02,2025-04-26T15:20:00.000Z,2025-05-05,,,2025-05-05 01:50:00-07:00
1746434100000,0.0,0.0,0,0,1,163,53.6,87,,29.76,29.8337,0,0,0,0,53.6,49.82,2025-04-26T15:20:00.000Z,2025-05-05,,,2025-05-05 01:35:00-07:00
1746433200000,0.0,0.0,0,0,1,163,53.6,87,,29.77,29.8437,0,0,0,0,53.6,49.82,2025-04-26T15:20:00.000Z,2025-05-05,,,2025-05-05 01:20:00-07:00
1746432300000,0.0,0.0,0,0,1,163,54.1,87,,29.76,29.8336,0,0,0,0,54.1,50.32,2025-04-26T15:20:00.000Z,2025-05-05,,,2025-05-05 01:05:00-07:00
1746431400000,0.0,0.0,0,0,1,163,54.3,87,4.29,29.76,29.8336,0,0,0,0,54.3,50.51,2025-04-26T15:20:00.000Z,2025-05-05,,,2025-05-05 00:50:00-07:00
1746430500000,0.0,0.0,0,0,1,163,54.3,87,,29.76,29.8336,0,0,0,0,54.3,50.51,2025-04-26T15:20:00.000Z,2025-05-05,,,2025-05-05 00:35:00-07:00
1746429600000,0.0,0.0,0,0,1,163,54.5,87,,29.76,29.8336,0,0,0,0,54.5,50.71,2025-04-26T15:20:00.000Z,2025-05-05,,,2025-05-05 00:20:00-07:00
1746428700000,0.0,0.0,0,0,1,163,54.5,87,,29.75,29.8236,0,0,0,0,54.5,50.71,2025-04-26T15:20:00.000Z,2025-05-05,,,2025-05-05 00:05:00-07:00
