dateutc,windspeedmph,windgustmph,hourlyrainin,dailyrainin,trustdevicetime,winddir,tempf,humidity,batt1volts,baromabsin,baromrelin,solarradiation,sis,sds,solarradday,feelsLike,dewPoint,date,tz,historical,local_time
1740728940000,0.0,0.0,0,0,1,238,51.4,92,4.28,29.93,30.0044,0,0,15824,14241600,51.4,49.15,2025-02-27,,,2025-02-27 23:49:00-08:00
1740728040000,0.2237,2.4606,0,0,1,238,52.2,92,,29.93,30.0043,0,0,15824,14241600,52.2,49.95,2025-02-27,,,2025-02-27 23:34:00-08:00
1740727140000,0.4474,2.2369,0,0,1,238,53.2,91,,29.94,30.0142,0,0,15824,14241600,53.2,50.64,2025-02-27,,,2025-02-27 23:19:00-08:00
1740726240000,2.4606,8.053,0,0,1,229,54.5,93,,29.95,30.0241,0,0,15824,14241600,54.5,52.52,2025-02-27,,,2025-02-27 23:04:00-08:00
1740725340000,0.6711,3.8028,0,0,1,171,54.0,91,4.29,29.95,30.0241,0,0,15824,14241600,54.0,51.43,2025-02-27,,,2025-02-27 22:49:00-08:00
1740724440000,0.8948,4.6976,0,0,1,169,54.9,91,,29.95,30.024,0,0,15824,14241600,54.9,52.32,2025-02-27,,,2025-02-27 22:34:00-08:00
1740723540000,0.8948,4.2502,0,0,1,169,54.9,88,,29.94,30.014,0,0,15824,14241600,54.9,51.41,2025-02-27,,,2025-02-27 22:19:00-08:00
1740722640000,2.0132,7.3819,0,0,1,148,54.5,82,,29.94,30.014,0,0,15824,14241600,54.5,49.12,2025-02-27,,,2025-02-27 22:04:00-08:00
1740721740000,0.0,0.0,0,0,1,124,55.0,81,4.29,29.94,30.014,0,0,15824,14241600,55.0,49.28,2025-02-27,,,2025-02-27 21:49:00-08:00
1740720840000,0.2237,3.8028,0,0,1,124,55.8,80,,29.95,30.0239,0,0,15824,14241600,55.8,49.72,2025-02-27,,,2025-02-27 21:34:00-08:00
1740719940000,0.6711,3.8028,0,0,1,289,56.3,82,,29.95,30.0238,0,0,15824,14241600,56.3,50.87,2025-02-27,,,2025-02-27 21:19:00-08:00
1740719040000,2.6843,10.5136,0,0,1,289,56.3,87,,29.95,30.0238,0,0,15824,14241600,56.3,52.48,2025-02-27,,,2025-02-27 21:04:00-08:00
1740718140000,9.1714,14.3164,0,0,1,268,56.5,86,4.31,29.95,30.0238,0,0,15824,14241600,56.5,52.36,2025-02-27,,,2025-02-27 20:49:00-08:00
1740717240000,4.6976,13.4216,0,0,1,261,57.9,73,,29.94,30.0135,0,0,15824,14241600,57.9,49.3,2025-02-27,,,2025-02-27 20:34:00-08:00
1740716340000,1.3422,3.8028,0,0,1,288,59.0,63,,29.94,30.0134,0,0,15824,14241600,59.0,46.42,2025-02-27,,,2025-02-27 20:19:00-08:00
1740715440000,0.6711,3.5791,0,0,1,288,59.0,66,,29.94,30.0134,0,0,15824,14241600,59.0,47.66,2025-02-27,,,2025-02-27 20:04:00-08:00
1740714540000,2.2369,6.2634,0,0,1,283,59.0,69,4.31,29.95,30.0234,0,0,15824,14241600,59.0,48.84,2025-02-27,,,2025-02-27 19:49:00-08:00
1740713640000,3.5791,10.7373,0,0,1,277,58.8,72,,29.95,30.0234,0,0,15824,14241600,58.8,49.79,2025-02-27,,,2025-02-27 19:34:00-08:00
1740712740000,7.3819,12.7505,0,0,1,283,59.4,70,,29.95,30.0234,0,0,15824,14241600,59.4,49.61,2025-02-27,,,2025-02-27 19:19:00-08:00
1740711840000,6.2634,11.6321,0,0,1,280,59.4,66,,29.96,30.0334,0,0,15824,14241600,59.4,48.04,2025-02-27,,,2025-02-27 19:04:00-08:00
1740710940000,3.8028,9.8425,0,0,1,283,59.7,65,4.31,29.96,30.0333,0,0,15824,14241600,59.7,47.91,2025-02-27,,,2025-02-27 18:49:00-08:00
1740710040000,6.2634,14.0927,0,0,1,286,59.5,72,,29.95,30.0233,0,0,15824,14241600,59.5,50.46,2025-02-27,,,2025-02-27 18:34:00-08:00
1740709140000,7.1582,14.7638,0,0,1,284,59.5,71,,29.95,30.0233,0,0,15824,14241600,59.5,50.09,2025-02-27,,,2025-02-27 18:19:00-08:00
1740708240000,5.5923,12.9742,0,0,1,278,59.9,69,,29.95,30.0233,0,0,15824,14241600,59.9,49.7,2025-02-27,,,2025-02-27 18:04:00-08:00
1740707340000,4.0265,8.2767,0,0,1,277,60.6,68,4.32,29.96,30.0332,8,7200,15816,14241600,60.6,49.98,2025-02-27,,,2025-02-27 17:49:00-08:00
1740706440000,2.4606,7.3819,0,0,1,288,60.6,68,,29.96,30.0332,28,25200,15788,14234400,60.6,49.98,2025-02-27,,,2025-02-27 17:34:00-08:00
1740705540000,7.1582,18.7903,0,0,1,277,61.7,64,,29.96,30.0331,40,36000,15748,14209200,61.7,49.4,2025-02-27,,,2025-02-27 17:19:00-08:00
1740704640000,3.3554,16.3296,0,0,1,295,62.1,59,,29.97,30.043,56,50400,15692,14173200,62.1,47.6,2025-02-27,,,2025-02-27 17:04:00-08:00
1740703740000,11.4084,22.1457,0,0,1,283,63.3,60,4.35,29.96,30.0328,51,45900,15641,14122800,63.3,49.17,2025-02-27,,,2025-02-27 16:49:00-08:00
1740702840000,4.9213,19.685,0,0,1,182,73.2,26,,29.93,30.0014,66,59400,15575,14076900,71.44,36.25,2025-02-27,,,2025-02-27 16:34:00-08:00
1740701940000,4.9213,10.2899,0,0,1,124,76.6,17,,29.92,29.9909,168,151200,15407,14017500,74.76,28.52,2025-02-27,,,2025-02-27 16:19:00-08:00
1740701040000,5.5923,10.7373,0,0,1,112,79.2,14,,29.92,29.9906,274,246600,15133,13866300,77.48,25.89,2025-02-27,,,2025-02-27 16:04:00-08:00
1740700140000,4.9213,11.1847,0,0,1,98,79.7,15,4.39,29.92,29.9905,446,401400,14687,13619700,78.07,27.95,2025-02-27,,,2025-02-27 15:49:00-08:00
1740699240000,6.2634,11.1847,0,0,1,120,78.6,16,,29.93,30.0007,383,344700,14304,13218300,76.91,28.65,2025-02-27,,,2025-02-27 15:34:00-08:00
1740698340000,5.5923,11.1847,0,0,1,103,80.1,15,,29.93,30.0005,309,278100,13533,12457800,78.4,28.27,2025-02-27,,,2025-02-27 15:19:00-08:00
1740697440000,4.9213,13.4216,0,0,1,104,80.6,15,,29.94,30.0104,462,415800,13842,12595500,78.73,28.67,2025-02-27,America/Los_Angeles,True,2025-02-27 15:04:00-08:00
1740696540000,4.9213,14.0927,0,0,1,98,80.8,15,4.39,29.95,30.0204,525,472500,13008,12179700,78.86,28.83,2025-02-27,,,2025-02-27 14:49:00-08:00
1740695640000,5.3686,16.1059,0,0,1,94,80.8,15,,29.96,30.0305,568,511200,12440,11707200,78.86,28.83,2025-02-27,,,2025-02-27 14:34:00-08:00
1740694740000,4.9213,11.8558,0,0,1,108,81.0,17,,29.97,30.0405,602,541800,11838,11196000,79.07,32.07,2025-02-27,,,2025-02-27 14:19:00-08:00
1740693840000,3.1317,8.7241,0,0,1,115,80.2,21,,29.98,30.0506,637,573300,11201,10654200,78.76,36.71,2025-02-27,,,2025-02-27 14:04:00-08:00
1740692940000,2.6843,8.9477,0,0,1,104,79.7,25,4.4,29.98,30.0507,683,614700,10518,10080900,78.54,40.75,2025-02-27,,,2025-02-27 13:49:00-08:00
1740692040000,2.2369,7.8293,0,0,1,133,75.2,32,,29.99,30.0613,761,684900,9757,9466200,73.92,43.3,2025-02-27,,,2025-02-27 13:34:00-08:00
1740691140000,4.0265,9.1714,0,0,1,214,70.3,40,,30.01,30.082,458,412200,9299,8781300,68.91,44.83,2025-02-27,,,2025-02-27 13:19:00-08:00
1740690240000,2.2369,9.8425,0,0,1,133,74.5,34,,30.0,30.0714,655,589500,8644,8369100,73.25,44.27,2025-02-27,,,2025-02-27 13:04:00-08:00
1740689340000,1.5659,7.1582,0,0,1,192,72.5,37,4.42,30.01,30.0817,720,648000,7924,7779600,71.19,44.73,2025-02-27,,,2025-02-27 12:49:00-08:00
1740688440000,1.3422,9.3951,0,0,1,296,68.4,53,,30.03,30.1023,767,690300,7157,7131600,67.43,50.59,2025-02-27,,,2025-02-27 12:34:00-08:00
1740687540000,9.6188,18.7903,0,0,1,280,63.7,71,,30.03,30.1029,735,661500,6422,6441300,63.7,54.12,2025-02-27,,,2025-02-27 12:19:00-08:00
1740686640000,10.7373,18.5666,0,0,1,262,65.1,65,,30.03,30.1027,701,630900,5721,5779800,65.1,53.04,2025-02-27,,,2025-02-27 12:04:00-08:00
1740685740000,5.816,12.9742,0,0,1,140,71.6,42,4.51,30.02,30.0918,653,587700,5068,5148900,70.43,47.28,2025-02-27,,,2025-02-27 11:49:00-08:00
1740684840000,4.4739,11.6321,0,0,1,104,70.7,41,,30.01,30.0819,540,486000,4528,4561200,69.4,45.83,2025-02-27,,,2025-02-27 11:34:00-08:00
1740683940000,5.5923,14.9875,0,0,1,104,72.9,36,,30.0,30.0716,548,493200,3980,4075200,71.58,44.37,2025-02-27,,,2025-02-27 11:19:00-08:00
1740683040000,4.2502,13.1979,0,0,1,102,73.2,37,,30.01,30.0816,617,555300,3363,3582000,71.96,45.35,2025-02-27,,,2025-02-27 11:04:00-08:00
1740682140000,2.4606,8.5004,0,0,1,67,70.7,40,4.56,30.01,30.0819,472,424800,2891,3026700,69.35,45.18,2025-02-27,,,2025-02-27 10:49:00-08:00
1740681240000,2.0132,7.6056,0,0,1,74,68.9,42,,30.02,30.0922,407,366300,2484,2601900,67.46,44.85,2025-02-27,,,2025-02-27 10:34:00-08:00
1740680340000,2.2369,8.053,0,0,1,68,67.3,44,,30.03,30.1024,371,333900,2113,2235600,67.3,44.63,2025-02-27,,,2025-02-27 10:19:00-08:00
1740679440000,2.908,8.2767,0,0,1,95,66.7,49,,30.03,30.1025,304,273600,1809,1901700,66.7,46.93,2025-02-27,,,2025-02-27 10:04:00-08:00
1740678540000,1.5659,7.3819,0,0,1,65,65.7,53,4.45,30.03,30.1027,252,226800,1557,1628100,65.7,48.09,2025-02-27,,,2025-02-27 09:49:00-08:00
1740677640000,1.7895,5.145,0,0,1,63,64.4,58,,30.03,30.1028,265,238500,1292,1401300,64.4,49.3,2025-02-27,,,2025-02-27 09:34:00-08:00
1740676740000,1.5659,4.4739,0,0,1,20,63.5,59,,30.03,30.103,296,266400,996,1162800,63.5,48.91,2025-02-27,,,2025-02-27 09:19:00-08:00
1740675840000,1.5659,4.4739,0,0,1,32,61.3,64,,30.04,30.1133,332,298800,664,896400,61.3,49.02,2025-02-27,,,2025-02-27 09:04:00-08:00
1740673140000,0.2237,2.0132,0,0,1,356,54.5,81,,30.04,30.1143,180,162000,484,597600,54.5,48.79,2025-02-27,,,2025-02-27 08:19:00-08:00
1740672240000,0.2237,2.0132,0,0,1,356,52.9,85,,30.04,30.1145,168,151200,316,435600,52.9,48.51,2025-02-27,,,2025-02-27 08:04:00-08:00
1740671340000,0.0,1.5659,0,0,1,356,52.0,86,4.24,30.04,30.1146,113,101700,203,284400,52.0,47.94,2025-02-27,,,2025-02-27 07:49:00-08:00
1740670440000,1.1185,2.4606,0,0,1,356,51.1,86,,30.03,30.1047,82,73800,41,110700,51.1,47.06,2025-02-27,,,2025-02-27 07:34:00-08:00
1740669540000,0.8948,5.145,0,0,1,289,50.0,88,,30.03,30.1049,55,49500,127,108900,50.0,46.59,2025-02-27,America/Los_Angeles,True,2025-02-27 07:19:00-08:00
1740668640000,0.0,0.0,0,0,1,246,48.6,90,,30.02,30.0951,41,36900,0,36900,48.6,45.8,2025-02-27,,,2025-02-27 07:04:00-08:00
1740667740000,0.0,0.0,0,0,1,246,49.5,91,4.23,30.02,30.095,21,18900,123,22500,49.5,46.98,2025-02-27,America/Los_Angeles,True,2025-02-27 06:49:00-08:00
1740666840000,0.0,0.0,0,0,1,246,49.5,89,,30.02,30.095,4,3600,123,3600,49.5,46.39,2025-02-27,America/Los_Angeles,True,2025-02-27 06:34:00-08:00
1740665940000,0.4474,3.5791,0,0,1,246,50.9,88,,30.02,30.0947,0,0,123,0,50.9,47.47,2025-02-27,America/Los_Angeles,True,2025-02-27 06:19:00-08:00
1740665040000,2.6843,5.5923,0,0,1,248,50.0,87,,30.01,30.0849,0,0,123,0,50.0,46.28,2025-02-27,America/Los_Angeles,True,2025-02-27 06:04:00-08:00
1740664140000,0.0,1.5659,0,0,1,44,47.3,89,4.23,29.99,30.0652,0,0,123,0,47.3,44.22,2025-02-27,America/Los_Angeles,True,2025-02-27 05:49:00-08:00
1740663240000,0.6711,2.6843,0,0,1,44,47.3,90,,29.98,30.0552,0,0,123,0,47.3,44.52,2025-02-27,America/Los_Angeles,True,2025-02-27 05:34:00-08:00
1740662340000,0.4474,3.8028,0,0,1,44,47.5,89,,29.98,30.0551,0,0,123,0,47.5,44.42,2025-02-27,America/Los_Angeles,True,2025-02-27 05:19:00-08:00
1740661440000,0.6711,2.6843,0,0,1,44,47.7,92,,29.97,30.0451,0,0,123,0,47.7,45.49,2025-02-27,America/Los_Angeles,True,2025-02-27 05:04:00-08:00
1740660540000,0.8948,2.908,0,0,1,44,47.8,91,4.24,29.96,30.0351,0,0,0,0,47.8,45.3,2025-02-27,,,2025-02-27 04:49:00-08:00
1740659640000,0.4474,3.1317,0,0,1,44,48.9,89,,29.97,30.0449,0,0,0,0,48.9,45.8,2025-02-27,,,2025-02-27 04:34:00-08:00
1740658740000,0.8948,3.1317,0,0,1,44,50.0,87,,29.97,30.0448,0,0,0,0,50.0,46.28,2025-02-27,America/Los_Angeles,True,2025-02-27 04:19:00-08:00
1740657840000,1.7895,6.2634,0,0,1,21,50.2,84,,29.97,30.0447,0,0,0,0,50.2,45.55,2025-02-27,America/Los_Angeles,True,2025-02-27 04:04:00-08:00
1740656940000,0.2237,4.4739,0,0,1,230,49.1,88,4.24,29.97,30.0449,0,0,0,0,49.1,45.7,2025-02-27,America/Los_Angeles,True,2025-02-27 03:49:00-08:00
1740656040000,1.7895,7.3819,0,0,1,303,48.7,91,,29.97,30.0449,0,0,0,0,48.7,46.19,2025-02-27,,,2025-02-27 03:34:00-08:00
1740655140000,0.6711,5.145,0,0,1,330,49.5,90,,29.97,30.0448,0,0,0,0,49.5,46.69,2025-02-27,,,2025-02-27 03:19:00-08:00
1740654240000,0.2237,1.5659,0,0,1,15,49.1,91,,29.97,30.0449,0,0,0,0,49.1,46.59,2025-02-27,,,2025-02-27 03:04:00-08:00
1740653340000,1.5659,3.1317,0,0,1,15,48.6,93,4.25,29.96,30.0349,0,0,0,0,48.6,46.67,2025-02-27,,,2025-02-27 02:49:00-08:00
1740652440000,1.5659,3.5791,0,0,1,15,48.4,94,,29.97,30.045,0,0,0,0,48.4,46.75,2025-02-27,America/Los_Angeles,True,2025-02-27 02:34:00-08:00
1740651540000,1.1185,3.1317,0,0,1,15,48.6,95,,29.98,30.055,0,0,0,0,48.6,47.23,2025-02-27,,,2025-02-27 02:19:00-08:00
1740650640000,1.3422,2.908,0,0,1,15,49.1,95,,29.98,30.0549,0,0,0,0,49.1,47.73,2025-02-27,,,2025-02-27 02:04:00-08:00
1740649740000,0.4474,2.908,0,0,1,15,50.4,95,4.25,29.98,30.0547,0,0,0,0,50.4,49.02,2025-02-27,,,2025-02-27 01:49:00-08:00
1740648840000,0.0,2.0132,0,0,1,15,49.8,93,,29.98,30.0548,0,0,0,0,49.8,47.86,2025-02-27,,,2025-02-27 01:34:00-08:00
1740647940000,0.2237,2.4606,0,0,1,15,50.0,95,,29.98,30.0548,0,0,0,0,50.0,48.62,2025-02-27,,,2025-02-27 01:19:00-08:00
1740647040000,1.1185,4.2502,0,0,1,19,50.2,95,,29.98,30.0548,0,0,0,0,50.2,48.82,2025-02-27,,,2025-02-27 01:04:00-08:00
1740646140000,1.3422,3.8028,0,0,1,30,51.4,95,4.26,29.98,30.0546,0,0,0,0,51.4,50.02,2025-02-27,America/Los_Angeles,True,2025-02-27 00:49:00-08:00
1740645240000,0.8948,4.0265,0,0,1,36,51.3,95,,29.98,30.0546,0,0,0,0,51.3,49.92,2025-02-27,America/Los_Angeles,True,2025-02-27 00:34:00-08:00
1740644340000,0.6711,5.3686,0,0,1,137,50.9,94,,29.98,30.0546,0,0,0,0,50.9,49.23,2025-02-27,,,2025-02-27 00:19:00-08:00
1740643440000,1.5659,6.7108,0,0,1,42,50.5,95,4.27,29.97,30.0447,0,0,0,0,50.5,49.12,2025-02-27,,,2025-02-27 00:04:00-08:00
