dateutc,windspeedmph,windgustmph,hourlyrainin,dailyrainin,trustdevicetime,winddir,tempf,humidity,baromabsin,baromrelin,solarradiation,sis,sds,solarradday,feelsLike,dewPoint,date,batt1volts,local_time
1744526760000,0.0,0.0,0,0,1,201,53.8,95,29.93,30.0276,0,0,8931,8037900,53.8,52.4,2025-04-12,,2025-04-12 23:46:00-07:00
1744525860000,0.0,0.0,0,0,1,201,53.6,95,29.93,30.0276,0,0,8931,8037900,53.6,52.2,2025-04-12,4.29,2025-04-12 23:31:00-07:00
1744524960000,0.0,0.0,0,0,1,201,53.2,94,29.93,30.0277,0,0,8931,8037900,53.2,51.52,2025-04-12,,2025-04-12 23:16:00-07:00
1744524060000,0.0,0.0,0,0,1,201,53.2,93,29.93,30.0277,0,0,8931,8037900,53.2,51.23,2025-04-12,,2025-04-12 23:01:00-07:00
1744523160000,0.0,0.0,0,0,1,201,53.4,92,29.93,30.0277,0,0,8931,8037900,53.4,51.13,2025-04-12,,2025-04-12 22:46:00-07:00
1744522260000,0.0,0.0,0,0,1,201,53.4,90,29.93,30.0277,0,0,8931,8037900,53.4,50.54,2025-04-12,4.3,2025-04-12 22:31:00-07:00
1744521360000,0.0,0.0,0,0,1,201,53.8,90,29.93,30.0276,0,0,8931,8037900,53.8,50.94,2025-04-12,,2025-04-12 22:16:00-07:00
1744520460000,0.2237,2.0132,0,0,1,201,54.0,90,29.93,30.0276,0,0,8931,8037900,54.0,51.13,2025-04-12,,2025-04-12 22:01:00-07:00
1744519560000,0.0,0.0,0,0,1,201,54.3,90,29.93,30.0275,0,0,8931,8037900,54.3,51.43,2025-04-12,,2025-04-12 21:46:00-07:00
1744518660000,0.2237,2.2369,0,0,1,201,54.7,88,29.93,30.0274,0,0,8931,8037900,54.7,51.22,2025-04-12,4.3,2025-04-12 21:31:00-07:00
1744517760000,0.0,0.0,0,0,1,201,55.2,87,29.92,30.0173,0,0,8931,8037900,55.2,51.4,2025-04-12,,2025-04-12 21:16:00-07:00
1744516860000,0.0,0.0,0,0,1,201,56.1,87,29.91,30.0071,0,0,8931,8037900,56.1,52.28,2025-04-12,,2025-04-12 21:01:00-07:00
1744515960000,0.0,0.0,0,0,1,201,56.8,87,29.91,30.007,0,0,8931,8037900,56.8,52.97,2025-04-12,,2025-04-12 20:46:00-07:00
1744515060000,0.0,0.0,0,0,1,201,57.2,87,29.91,30.0069,0,0,8931,8037900,57.2,53.36,2025-04-12,4.31,2025-04-12 20:31:00-07:00
1744514160000,0.0,1.3422,0,0,1,201,57.4,86,29.91,30.0069,0,0,8931,8037900,57.4,53.25,2025-04-12,,2025-04-12 20:16:00-07:00
1744513260000,0.0,1.5659,0,0,1,201,57.7,85,29.9,29.9968,0,0,8931,8037900,57.7,53.22,2025-04-12,,2025-04-12 20:01:00-07:00
1744512360000,0.0,0.0,0,0,1,201,58.3,84,29.91,30.0067,0,0,8931,8037900,58.3,53.48,2025-04-12,,2025-04-12 19:46:00-07:00
1744511460000,0.0,0.0,0,0,1,201,58.6,84,29.9,29.9966,0,0,8931,8037900,58.6,53.78,2025-04-12,4.3,2025-04-12 19:31:00-07:00
1744510560000,0.0,1.1185,0,0,1,201,59.2,83,29.9,29.9965,3,1260,8928,8037900,59.2,54.04,2025-04-12,,2025-04-12 19:16:00-07:00
1744509660000,0.4474,1.5659,0,0,1,201,59.7,82,29.9,29.9964,7,3360,8921,8035200,59.7,54.19,2025-04-12,,2025-04-12 19:01:00-07:00
1744508760000,1.1185,2.0132,0,0,1,201,60.6,80,29.9,29.9962,11,4620,8910,8028900,60.6,54.39,2025-04-12,,2025-04-12 18:46:00-07:00
1744507860000,1.7895,3.3554,0,0,1,201,63.7,77,29.89,29.9856,15,7200,8895,8019000,63.7,56.35,2025-04-12,4.32,2025-04-12 18:31:00-07:00
1744506960000,0.0,1.5659,0,0,1,201,65.7,72,29.9,29.9953,19,7980,8876,8005500,65.7,56.42,2025-04-12,,2025-04-12 18:16:00-07:00
1744506060000,0.0,1.5659,0,0,1,201,64.8,75,29.9,29.9955,23,11040,8853,7988400,64.8,56.68,2025-04-12,,2025-04-12 18:01:00-07:00
1744505160000,0.8948,2.6843,0,0,1,201,64.4,75,29.91,30.0056,28,11760,8825,7967700,64.4,56.3,2025-04-12,,2025-04-12 17:46:00-07:00
1744504260000,0.0,2.6843,0,0,1,201,63.1,76,29.91,30.0058,50,24000,8775,7942500,63.1,55.41,2025-04-12,4.33,2025-04-12 17:31:00-07:00
1744503360000,1.1185,2.2369,0,0,1,201,62.2,77,29.91,30.006,38,15960,8737,7897500,62.2,54.9,2025-04-12,,2025-04-12 17:16:00-07:00
1744502460000,1.5659,2.4606,0,0,1,201,62.2,78,29.91,30.006,38,18240,8699,7863300,62.2,55.25,2025-04-12,,2025-04-12 17:01:00-07:00
1744501560000,0.8948,2.6843,0,0,1,201,62.1,77,29.92,30.016,49,20580,8650,7829100,62.1,54.8,2025-04-12,,2025-04-12 16:46:00-07:00
1744500660000,1.3422,3.1317,0,0,1,201,61.7,78,29.92,30.0161,56,26880,8594,7785000,61.7,54.77,2025-04-12,4.34,2025-04-12 16:31:00-07:00
1744499760000,2.0132,2.908,0,0,1,201,61.5,77,29.93,30.0262,61,25620,8533,7734600,61.5,54.22,2025-04-12,,2025-04-12 16:16:00-07:00
1744498860000,2.0132,3.1317,0,0,1,201,61.9,77,29.93,30.0261,64,30720,8469,7679700,61.9,54.61,2025-04-12,,2025-04-12 16:01:00-07:00
1744497960000,2.2369,3.8028,0,0,1,201,62.8,75,29.93,30.0259,74,31080,8395,7622100,62.8,54.75,2025-04-12,,2025-04-12 15:46:00-07:00
1744497060000,2.4606,3.5791,0,0,1,201,62.8,78,29.93,30.0259,391,187680,8004,7555500,62.8,55.83,2025-04-12,4.53,2025-04-12 15:31:00-07:00
1744496160000,1.7895,3.1317,0,0,1,201,62.6,80,29.94,30.036,663,278460,7341,7203600,62.6,56.34,2025-04-12,,2025-04-12 15:16:00-07:00
1744495260000,2.4606,4.0265,0,0,1,201,62.2,78,29.95,30.0461,691,331680,6650,6606900,62.2,55.25,2025-04-12,,2025-04-12 15:01:00-07:00
1744494360000,1.7895,4.0265,0,0,1,201,61.7,81,29.96,30.0562,238,99960,6412,5985000,61.7,55.81,2025-04-12,,2025-04-12 14:46:00-07:00
1744493460000,2.4606,4.0265,0,0,1,201,62.4,78,29.96,30.0561,122,58560,6290,5770800,62.4,55.45,2025-04-12,4.35,2025-04-12 14:31:00-07:00
1744492560000,2.0132,3.3554,0,0,1,201,61.5,81,29.96,30.0563,97,40740,6193,5661000,61.5,55.61,2025-04-12,,2025-04-12 14:16:00-07:00
1744491660000,1.5659,3.1317,0,0,1,201,61.2,81,29.97,30.0663,97,46560,6096,5573700,61.2,55.32,2025-04-12,,2025-04-12 14:01:00-07:00
1744490760000,2.2369,3.8028,0,0,1,206,61.0,82,29.97,30.0664,116,48720,5980,5486400,61.0,55.46,2025-04-12,,2025-04-12 13:46:00-07:00
1744489860000,2.4606,4.0265,0,0,1,208,61.7,81,29.97,30.0662,144,69120,5836,5382000,61.7,55.81,2025-04-12,4.39,2025-04-12 13:31:00-07:00
1744488960000,2.6843,4.0265,0,0,1,208,61.9,82,29.97,30.0662,120,50400,5716,5252400,61.9,56.34,2025-04-12,,2025-04-12 13:16:00-07:00
1744488060000,2.6843,4.4739,0,0,1,208,61.0,83,29.98,30.0764,340,163200,5376,5144400,61.0,55.8,2025-04-12,,2025-04-12 13:01:00-07:00
1744487160000,2.908,4.4739,0,0,1,206,62.1,80,29.98,30.0762,391,164220,4985,4838400,62.1,55.85,2025-04-12,,2025-04-12 12:46:00-07:00
1744486260000,1.3422,3.3554,0,0,1,203,61.5,81,29.98,30.0763,589,282720,4396,4486500,61.5,55.61,2025-04-12,4.54,2025-04-12 12:31:00-07:00
1744485360000,0.8948,4.0265,0,0,1,203,61.5,81,29.99,30.0863,429,180180,3967,3956400,61.5,55.61,2025-04-12,,2025-04-12 12:16:00-07:00
1744484460000,1.1185,3.1317,0,0,1,203,61.5,82,29.98,30.0763,151,72480,3816,3570300,61.5,55.95,2025-04-12,,2025-04-12 12:01:00-07:00
1744483560000,1.3422,2.908,0,0,1,203,61.0,83,29.99,30.0864,199,83580,3617,3434400,61.0,55.8,2025-04-12,,2025-04-12 11:46:00-07:00
1744482660000,0.4474,2.908,0,0,1,203,60.8,84,29.99,30.0865,195,93600,3422,3255300,60.8,55.93,2025-04-12,4.5,2025-04-12 11:31:00-07:00
1744481760000,1.3422,3.5791,0,0,1,203,60.3,85,29.99,30.0866,333,139860,3089,3079800,60.3,55.77,2025-04-12,,2025-04-12 11:16:00-07:00
1744480860000,3.1317,4.2502,0,0,1,203,60.6,84,29.98,30.0765,425,204000,2664,2780100,60.6,55.74,2025-04-12,,2025-04-12 11:01:00-07:00
1744479960000,2.908,4.0265,0,0,1,203,61.0,83,29.98,30.0764,472,198240,2192,2397600,61.0,55.8,2025-04-12,,2025-04-12 10:46:00-07:00
1744479060000,2.908,3.8028,0,0,1,203,60.3,85,29.98,30.0765,591,283680,1601,1972800,60.3,55.77,2025-04-12,4.55,2025-04-12 10:31:00-07:00
1744478160000,2.6843,3.5791,0,0,1,203,59.9,86,29.98,30.0766,550,231000,1051,1440900,59.9,55.7,2025-04-12,,2025-04-12 10:16:00-07:00
1744477260000,2.2369,3.1317,0,0,1,203,59.4,86,29.98,30.0767,467,224160,584,945900,59.4,55.21,2025-04-12,,2025-04-12 10:01:00-07:00
1744476360000,2.0132,2.908,0,0,1,203,58.5,87,29.98,30.0769,108,45360,476,525600,58.5,54.64,2025-04-12,,2025-04-12 09:46:00-07:00
1744475460000,1.7895,2.908,0,0,1,203,57.9,89,29.97,30.067,92,44160,384,428400,57.9,54.68,2025-04-12,4.29,2025-04-12 09:31:00-07:00
1744474560000,1.7895,2.6843,0,0,1,203,57.7,88,29.98,30.077,96,40320,288,345600,57.7,54.17,2025-04-12,,2025-04-12 09:16:00-07:00
1744473660000,1.7895,2.4606,0,0,1,203,57.4,88,29.97,30.067,125,60000,163,259200,57.4,53.87,2025-04-12,,2025-04-12 09:01:00-07:00
1744472760000,1.5659,3.3554,0,0,1,203,56.8,89,29.98,30.0772,47,19740,116,146700,56.8,53.59,2025-04-12,,2025-04-12 08:46:00-07:00
1744471860000,1.3422,2.4606,0,0,1,203,56.1,92,29.98,30.0773,30,14400,86,104400,56.1,53.81,2025-04-12,4.26,2025-04-12 08:31:00-07:00
1744470960000,0.6711,1.7895,0,0,1,203,54.9,95,29.97,30.0675,25,10500,61,77400,54.9,53.49,2025-04-12,,2025-04-12 08:16:00-07:00
1744470060000,0.0,0.0,0,0,1,203,53.2,97,29.97,30.0678,20,9600,41,54900,53.2,52.37,2025-04-12,,2025-04-12 08:01:00-07:00
1744469160000,0.0,0.0,0,0,1,203,52.2,97,29.97,30.068,16,6720,25,36900,52.2,51.37,2025-04-12,,2025-04-12 07:46:00-07:00
1744468260000,0.0,0.0,0,0,1,203,51.6,97,29.97,30.0681,12,5760,13,22500,51.6,50.78,2025-04-12,4.26,2025-04-12 07:31:00-07:00
1744467360000,0.0,0.0,0,0,1,203,51.6,97,29.97,30.0681,8,3360,5,11700,51.6,50.78,2025-04-12,,2025-04-12 07:16:00-07:00
1744466460000,0.0,0.0,0,0,1,203,51.6,97,29.96,30.0581,4,1920,1,4500,51.6,50.78,2025-04-12,,2025-04-12 07:01:00-07:00
1744465560000,0.0,0.0,0,0,1,203,51.8,97,29.96,30.0581,1,420,0,900,51.8,50.98,2025-04-12,,2025-04-12 06:46:00-07:00
1744464660000,0.0,0.0,0,0,1,203,52.0,96,29.96,30.058,0,0,0,0,52.0,50.89,2025-04-12,4.26,2025-04-12 06:31:00-07:00
1744463760000,0.0,0.0,0,0,1,203,52.2,96,29.96,30.058,0,0,0,0,52.2,51.09,2025-04-12,,2025-04-12 06:16:00-07:00
1744462860000,0.0,0.0,0,0,1,203,52.7,96,29.96,30.0579,0,0,0,0,52.7,51.59,2025-04-12,,2025-04-12 06:01:00-07:00
1744461960000,0.0,0.0,0,0,1,203,53.2,96,29.96,30.0578,0,0,0,0,53.2,52.09,2025-04-12,,2025-04-12 05:46:00-07:00
1744461060000,0.0,0.0,0,0,1,203,53.8,96,29.95,30.0477,0,0,0,0,53.8,52.69,2025-04-12,4.27,2025-04-12 05:31:00-07:00
1744460160000,0.0,0.0,0,0,1,203,54.1,97,29.95,30.0476,0,0,0,0,54.1,53.27,2025-04-12,,2025-04-12 05:16:00-07:00
1744459260000,0.0,0.0,0,0,1,203,53.2,95,29.95,30.0478,0,0,0,0,53.2,51.8,2025-04-12,,2025-04-12 05:01:00-07:00
1744458360000,0.0,0.0,0,0,1,203,52.3,93,29.95,30.0479,0,0,0,0,52.3,50.34,2025-04-12,,2025-04-12 04:46:00-07:00
1744457460000,0.0,0.0,0,0,1,203,52.3,93,29.94,30.0379,0,0,0,0,52.3,50.34,2025-04-12,4.27,2025-04-12 04:31:00-07:00
1744456560000,0.0,0.0,0,0,1,203,52.7,92,29.94,30.0378,0,0,0,0,52.7,50.44,2025-04-12,,2025-04-12 04:16:00-07:00
1744455660000,0.0,0.0,0,0,1,203,53.2,92,29.93,30.0277,0,0,0,0,53.2,50.94,2025-04-12,,2025-04-12 04:01:00-07:00
1744454760000,0.0,0.0,0,0,1,203,53.6,93,29.94,30.0377,0,0,0,0,53.6,51.62,2025-04-12,,2025-04-12 03:46:00-07:00
1744453860000,0.0,0.0,0,0,1,203,54.0,93,29.94,30.0376,0,0,0,0,54.0,52.02,2025-04-12,4.27,2025-04-12 03:31:00-07:00
1744452960000,0.0,0.0,0,0,1,203,54.3,95,29.93,30.0275,0,0,0,0,54.3,52.9,2025-04-12,,2025-04-12 03:16:00-07:00
1744452060000,0.0,0.0,0,0,1,203,54.5,94,29.94,30.0375,0,0,0,0,54.5,52.81,2025-04-12,,2025-04-12 03:01:00-07:00
1744451160000,0.0,0.0,0,0,1,203,54.5,94,29.94,30.0375,0,0,0,0,54.5,52.81,2025-04-12,,2025-04-12 02:46:00-07:00
1744450260000,0.0,0.0,0,0,1,203,54.1,95,29.94,30.0376,0,0,0,0,54.1,52.7,2025-04-12,4.27,2025-04-12 02:31:00-07:00
1744449360000,0.0,0.0,0,0,1,203,53.8,95,29.94,30.0376,0,0,0,0,53.8,52.4,2025-04-12,,2025-04-12 02:16:00-07:00
1744448460000,0.0,0.0,0,0,1,203,53.4,93,29.95,30.0477,0,0,0,0,53.4,51.43,2025-04-12,,2025-04-12 02:01:00-07:00
1744447560000,0.0,0.0,0,0,1,203,53.1,91,29.95,30.0478,0,0,0,0,53.1,50.54,2025-04-12,,2025-04-12 01:46:00-07:00
1744446660000,0.0,0.0,0,0,1,203,53.2,90,29.95,30.0478,0,0,0,0,53.2,50.34,2025-04-12,4.27,2025-04-12 01:31:00-07:00
1744445760000,0.0,0.0,0,0,1,203,53.2,90,29.95,30.0478,0,0,0,0,53.2,50.34,2025-04-12,,2025-04-12 01:16:00-07:00
1744444860000,0.0,0.0,0,0,1,203,53.8,91,29.95,30.0477,0,0,0,0,53.8,51.23,2025-04-12,,2025-04-12 01:01:00-07:00
1744443960000,0.0,0.0,0,0,1,203,54.1,91,29.96,30.0576,0,0,0,0,54.1,51.53,2025-04-12,,2025-04-12 00:46:00-07:00
1744443060000,0.0,0.0,0,0,1,203,54.5,93,29.95,30.0475,0,0,0,0,54.5,52.52,2025-04-12,4.26,2025-04-12 00:31:00-07:00
1744442160000,0.0,0.0,0,0,1,203,54.5,93,29.95,30.0475,0,0,0,0,54.5,52.52,2025-04-12,,2025-04-12 00:16:00-07:00
1744441260000,0.0,0.0,0,0,1,203,54.7,92,29.95,30.0475,0,0,0,0,54.7,52.42,2025-04-12,,2025-04-12 00:01:00-07:00
