dateutc,windspeedmph,windgustmph,hourlyrainin,dailyrainin,trustdevicetime,winddir,tempf,humidity,baromabsin,baromrelin,solarradiation,sis,sds,solarradday,feelsLike,dewPoint,lastRain,date,batt1volts,tz,historical,local_time
1745563800000,1.3422,4.9213,0,0,1,339,53.1,73,29.92,29.9942,0,0,25257,22731300,53.1,44.68,2025-04-01T21:20:00.000Z,2025-04-24,,,,2025-04-24 23:50:00-07:00
1745562900000,0.2237,2.0132,0,0,1,26,53.2,72,29.92,29.9942,0,0,25257,22731300,53.2,44.41,2025-04-01T21:20:00.000Z,2025-04-24,,,,2025-04-24 23:35:00-07:00
1745562000000,0.4474,2.2369,0,0,1,26,54.1,71,29.92,29.994,0,0,25257,22731300,54.1,44.91,2025-04-01T21:20:00.000Z,2025-04-24,,,,2025-04-24 23:20:00-07:00
1745561100000,0.2237,4.6976,0,0,1,332,54.5,71,29.93,30.004,0,0,25257,22731300,54.5,45.29,2025-04-01T21:20:00.000Z,2025-04-24,4.29,,,2025-04-24 23:05:00-07:00
1745560200000,0.0,0.8948,0,0,1,312,54.5,72,29.93,30.004,0,0,25257,22731300,54.5,45.66,2025-04-01T21:20:00.000Z,2025-04-24,,,,2025-04-24 22:50:00-07:00
1745559300000,0.0,0.8948,0,0,1,312,54.7,71,29.93,30.004,0,0,25257,22731300,54.7,45.48,2025-04-01T21:20:00.000Z,2025-04-24,,,,2025-04-24 22:35:00-07:00
1745558400000,0.2237,3.5791,0,0,1,312,55.0,71,29.93,30.0039,0,0,25257,22731300,55.0,45.77,2025-04-01T21:20:00.000Z,2025-04-24,,,,2025-04-24 22:20:00-07:00
1745557500000,0.4474,2.908,0,0,1,312,55.0,71,29.93,30.0039,0,0,25257,22731300,55.0,45.77,2025-04-01T21:20:00.000Z,2025-04-24,4.3,,,2025-04-24 22:05:00-07:00
1745556600000,1.1185,4.9213,0,0,1,312,55.0,71,29.92,29.9939,0,0,25257,22731300,55.0,45.77,2025-04-01T21:20:00.000Z,2025-04-24,,,,2025-04-24 21:50:00-07:00
1745555700000,0.8948,4.4739,0,0,1,327,55.4,70,29.92,29.9938,0,0,25257,22731300,55.4,45.78,2025-04-01T21:20:00.000Z,2025-04-24,,,,2025-04-24 21:35:00-07:00
1745554800000,0.8948,5.816,0,0,1,314,55.8,70,29.91,29.9838,0,0,25257,22731300,55.8,46.16,2025-04-01T21:20:00.000Z,2025-04-24,,,,2025-04-24 21:20:00-07:00
1745553900000,0.2237,4.0265,0,0,1,93,56.5,69,29.91,29.9837,0,0,25257,22731300,56.5,46.45,2025-04-01T21:20:00.000Z,2025-04-24,4.31,,,2025-04-24 21:05:00-07:00
1745553000000,0.4474,4.2502,0,0,1,303,56.3,74,29.91,29.9837,0,0,25257,22731300,56.3,48.12,2025-04-01T21:20:00.000Z,2025-04-24,,,,2025-04-24 20:50:00-07:00
1745551200000,0.0,0.8948,0,0,1,255,56.1,78,29.91,29.9837,0,0,25257,22731300,56.1,49.33,2025-04-01T21:20:00.000Z,2025-04-24,,,,2025-04-24 20:20:00-07:00
1745550300000,0.0,1.5659,0,0,1,255,55.8,81,29.9,29.9737,0,0,25257,22731300,55.8,50.06,2025-04-01T21:20:00.000Z,2025-04-24,4.31,,,2025-04-24 20:05:00-07:00
1745549400000,0.0,0.0,0,0,1,255,55.6,82,29.9,29.9738,0,0,25257,22731300,55.6,50.19,2025-04-01T21:20:00.000Z,2025-04-24,,,,2025-04-24 19:50:00-07:00
1745548500000,0.0,1.3422,0,0,1,255,55.6,83,29.9,29.9738,2,1800,25255,22731300,55.6,50.52,2025-04-01T21:20:00.000Z,2025-04-24,,,,2025-04-24 19:35:00-07:00
1745547600000,2.0132,4.4739,0,0,1,255,55.6,83,29.9,29.9738,11,9900,25244,22729500,55.6,50.52,2025-04-01T21:20:00.000Z,2025-04-24,,,,2025-04-24 19:20:00-07:00
1745546700000,2.6843,5.3686,0,0,1,255,55.8,83,29.89,29.9637,25,22500,25219,22719600,55.8,50.71,2025-04-01T21:20:00.000Z,2025-04-24,4.32,,,2025-04-24 19:05:00-07:00
1745545800000,3.1317,8.5004,0,0,1,255,55.9,82,29.89,29.9637,48,43200,25171,22697100,55.9,50.48,2025-04-01T21:20:00.000Z,2025-04-24,,,,2025-04-24 18:50:00-07:00
1745544900000,5.145,9.6188,0,0,1,248,56.5,81,29.9,29.9736,78,70200,25093,22653900,56.5,50.74,2025-04-01T21:20:00.000Z,2025-04-24,,,,2025-04-24 18:35:00-07:00
1745544000000,4.2502,8.7241,0,0,1,263,56.8,79,29.9,29.9736,134,120600,24959,22583700,56.8,50.36,2025-04-01T21:20:00.000Z,2025-04-24,,,,2025-04-24 18:20:00-07:00
1745543100000,5.145,12.0795,0,0,1,266,57.0,79,29.91,29.9836,158,142200,24801,22463100,57.0,50.55,2025-04-01T21:20:00.000Z,2025-04-24,4.36,,,2025-04-24 18:05:00-07:00
1745542200000,6.7108,12.9742,0,0,1,265,57.0,78,29.92,29.9936,180,162000,24621,22320900,57.0,50.21,2025-04-01T21:20:00.000Z,2025-04-24,,,,2025-04-24 17:50:00-07:00
1745541300000,7.1582,14.7638,0,0,1,276,57.7,76,29.92,29.9935,222,199800,24399,22158900,57.7,50.19,2025-04-01T21:20:00.000Z,2025-04-24,,,,2025-04-24 17:35:00-07:00
1745540400000,6.9345,14.0927,0,0,1,279,59.0,73,29.92,29.9933,269,242100,24130,21959100,59.0,50.36,2025-04-01T21:20:00.000Z,2025-04-24,,,,2025-04-24 17:20:00-07:00
1745539500000,6.7108,12.9742,0,0,1,280,59.9,72,29.92,29.9932,407,366300,23723,21717000,59.9,50.85,2025-04-01T21:20:00.000Z,2025-04-24,4.38,,,2025-04-24 17:05:00-07:00
1745538600000,7.6056,14.3164,0,0,1,275,59.5,73,29.92,29.9933,373,335700,23350,21350700,59.5,50.84,2025-04-01T21:20:00.000Z,2025-04-24,,,,2025-04-24 16:50:00-07:00
1745537700000,7.3819,12.9742,0,0,1,269,59.9,73,29.93,30.0032,373,335700,22977,21015000,59.9,51.22,2025-04-01T21:20:00.000Z,2025-04-24,,,,2025-04-24 16:35:00-07:00
1745536800000,8.053,14.5401,0,0,1,270,60.1,73,29.92,29.9932,358,322200,22619,20679300,60.1,51.41,2025-04-01T21:20:00.000Z,2025-04-24,,,,2025-04-24 16:20:00-07:00
1745535900000,7.8293,13.869,0,0,1,267,61.3,72,29.92,29.993,420,378000,22199,20357100,61.3,52.19,2025-04-01T21:20:00.000Z,2025-04-24,4.38,,,2025-04-24 16:05:00-07:00
1745535000000,8.053,14.9875,0,0,1,262,62.4,70,29.92,29.9929,711,639900,20790,19350900,62.4,52.48,2025-04-01T21:20:00.000Z,2025-04-24,,,,2025-04-24 15:50:00-07:00
1745534100000,7.8293,14.7638,0,0,1,261,62.2,71,29.92,29.9929,698,628200,21501,19339200,62.2,52.68,,2025-04-24,,America/Los_Angeles,True,2025-04-24 15:35:00-07:00
1745533200000,6.7108,11.4084,0,0,1,252,62.4,70,29.92,29.9929,610,549000,20180,18711000,62.4,52.48,2025-04-01T21:20:00.000Z,2025-04-24,4.38,,,2025-04-24 15:20:00-07:00
1745532300000,6.9345,12.7505,0,0,1,252,62.8,69,29.93,30.0028,778,700200,19402,18162000,62.8,52.47,2025-04-01T21:20:00.000Z,2025-04-24,,,,2025-04-24 15:05:00-07:00
1745531400000,7.3819,12.5268,0,0,1,246,62.6,70,29.93,30.0029,758,682200,18644,17461800,62.6,52.67,2025-04-01T21:20:00.000Z,2025-04-24,,,,2025-04-24 14:50:00-07:00
1745530500000,7.1582,11.4084,0,0,1,244,63.1,70,29.93,30.0028,879,791100,17765,16779600,63.1,53.15,2025-04-01T21:20:00.000Z,2025-04-24,,,,2025-04-24 14:35:00-07:00
1745529600000,6.7108,11.4084,0,0,1,244,63.3,69,29.94,30.0128,918,826200,16847,15988500,63.3,52.95,2025-04-01T21:20:00.000Z,2025-04-24,4.39,,,2025-04-24 14:20:00-07:00
1745528700000,7.3819,10.0662,0,0,1,242,62.6,68,29.94,30.0129,845,760500,16002,15162300,62.6,51.89,2025-04-01T21:20:00.000Z,2025-04-24,,,,2025-04-24 14:05:00-07:00
1745527800000,6.7108,10.5136,0,0,1,243,62.8,68,29.94,30.0128,881,792900,15121,14401800,62.8,52.08,2025-04-01T21:20:00.000Z,2025-04-24,,,,2025-04-24 13:50:00-07:00
1745526900000,7.6056,10.961,0,0,1,238,62.1,70,29.94,30.0129,846,761400,14275,13608900,62.1,52.2,2025-04-01T21:20:00.000Z,2025-04-24,,,,2025-04-24 13:35:00-07:00
1745526000000,6.7108,11.1847,0,0,1,252,62.4,69,29.94,30.0129,829,746100,12586,12073500,62.4,52.09,2025-04-01T21:20:00.000Z,2025-04-24,4.4,,,2025-04-24 13:20:00-07:00
1745525100000,6.2634,10.961,0,0,1,266,62.4,71,29.95,30.0229,860,774000,13415,12101400,62.4,52.87,,2025-04-24,,America/Los_Angeles,True,2025-04-24 13:05:00-07:00
1745524200000,7.3819,11.6321,0,0,1,244,62.1,68,29.95,30.023,887,798300,11699,11327400,62.1,51.41,2025-04-01T21:20:00.000Z,2025-04-24,,,,2025-04-24 12:50:00-07:00
1745523300000,6.0397,9.6188,0,0,1,241,61.5,67,29.95,30.0231,844,759600,10855,10529100,61.5,50.44,2025-04-01T21:20:00.000Z,2025-04-24,,,,2025-04-24 12:35:00-07:00
1745522400000,6.7108,10.5136,0,0,1,236,61.2,66,29.96,30.0331,868,781200,9987,9769500,61.2,49.75,2025-04-01T21:20:00.000Z,2025-04-24,4.41,,,2025-04-24 12:20:00-07:00
1745521500000,6.2634,9.6188,0,0,1,239,61.0,68,29.96,30.0331,813,731700,9174,8988300,61.0,50.36,2025-04-01T21:20:00.000Z,2025-04-24,,,,2025-04-24 12:05:00-07:00
1745520600000,7.1582,10.2899,0,0,1,240,60.3,69,29.97,30.0433,746,671400,8428,8256600,60.3,50.08,2025-04-01T21:20:00.000Z,2025-04-24,,,,2025-04-24 11:50:00-07:00
1745519700000,7.3819,11.6321,0,0,1,243,60.4,70,29.97,30.0433,712,640800,7716,7585200,60.4,50.57,2025-04-01T21:20:00.000Z,2025-04-24,,,,2025-04-24 11:35:00-07:00
1745518800000,6.4871,10.7373,0,0,1,218,60.3,72,29.97,30.0433,736,662400,6980,6944400,60.3,51.23,2025-04-01T21:20:00.000Z,2025-04-24,4.46,,,2025-04-24 11:20:00-07:00
1745517900000,5.5923,9.8425,0,0,1,200,60.1,71,29.96,30.0333,746,671400,6234,6282000,60.1,50.66,2025-04-01T21:20:00.000Z,2025-04-24,,,,2025-04-24 11:05:00-07:00
1745517000000,5.3686,9.6188,0,0,1,186,59.9,71,29.97,30.0433,762,685800,5472,5610600,59.9,50.47,2025-04-01T21:20:00.000Z,2025-04-24,,,,2025-04-24 10:50:00-07:00
1745516100000,6.0397,9.3951,0,0,1,166,60.1,70,29.96,30.0333,732,658800,4740,4924800,60.1,50.28,2025-04-01T21:20:00.000Z,2025-04-24,,,,2025-04-24 10:35:00-07:00
1745515200000,4.9213,8.2767,0,0,1,165,60.1,70,29.96,30.0333,690,621000,4050,4266000,60.1,50.28,2025-04-01T21:20:00.000Z,2025-04-24,4.6,,,2025-04-24 10:20:00-07:00
1745514300000,4.4739,7.8293,0,0,1,179,59.9,70,29.96,30.0333,645,580500,3405,3645000,59.9,50.09,2025-04-01T21:20:00.000Z,2025-04-24,,,,2025-04-24 10:05:00-07:00
1745513400000,4.6976,6.7108,0,0,1,193,58.8,71,29.96,30.0335,576,518400,2286,2575800,58.8,49.42,2025-04-01T21:20:00.000Z,2025-04-24,,,,2025-04-24 09:50:00-07:00
1745512500000,3.8028,6.2634,0,0,1,202,58.6,73,29.97,30.0435,543,488700,2862,2546100,58.6,49.97,,2025-04-24,,America/Los_Angeles,True,2025-04-24 09:35:00-07:00
1745511600000,4.0265,7.1582,0,0,1,158,58.6,72,29.97,30.0435,512,460800,1774,2057400,58.6,49.6,2025-04-01T21:20:00.000Z,2025-04-24,4.44,,,2025-04-24 09:20:00-07:00
1745510700000,2.0132,6.7108,0,0,1,136,59.7,69,29.96,30.0333,467,420300,1307,1596600,59.7,49.51,2025-04-01T21:20:00.000Z,2025-04-24,,,,2025-04-24 09:05:00-07:00
1745509800000,0.8948,4.2502,0,0,1,58,59.0,68,29.97,30.0435,390,351000,917,1176300,59.0,48.45,2025-04-01T21:20:00.000Z,2025-04-24,,,,2025-04-24 08:50:00-07:00
1745508900000,0.0,1.5659,0,0,1,267,57.7,72,29.97,30.0436,318,286200,599,825300,57.7,48.74,2025-04-01T21:20:00.000Z,2025-04-24,,,,2025-04-24 08:35:00-07:00
1745508000000,0.0,0.0,0,0,1,267,55.6,77,29.97,30.0439,181,162900,418,539100,55.6,48.5,2025-04-01T21:20:00.000Z,2025-04-24,4.26,,,2025-04-24 08:20:00-07:00
1745507100000,0.0,1.5659,0,0,1,267,53.8,81,29.97,30.0442,136,122400,282,376200,53.8,48.11,2025-04-01T21:20:00.000Z,2025-04-24,,,,2025-04-24 08:05:00-07:00
1745506200000,0.0,0.0,0,0,1,267,52.2,83,29.97,30.0444,104,93600,178,253800,52.2,47.19,2025-04-01T21:20:00.000Z,2025-04-24,,,,2025-04-24 07:50:00-07:00
1745505300000,0.0,0.0,0,0,1,267,50.5,84,29.97,30.0447,67,60300,111,160200,50.5,45.85,2025-04-01T21:20:00.000Z,2025-04-24,,,,2025-04-24 07:35:00-07:00
1745504400000,0.0,0.0,0,0,1,267,49.1,86,29.96,30.0349,46,41400,65,99900,49.1,45.1,2025-04-01T21:20:00.000Z,2025-04-24,4.23,,,2025-04-24 07:20:00-07:00
1745503500000,0.2237,2.4606,0,0,1,267,47.5,89,29.95,30.0251,35,31500,30,58500,47.5,44.42,2025-04-01T21:20:00.000Z,2025-04-24,,,,2025-04-24 07:05:00-07:00
1745502600000,0.4474,3.5791,0,0,1,267,45.9,89,29.94,30.0153,20,18000,10,27000,45.9,42.84,2025-04-01T21:20:00.000Z,2025-04-24,,,,2025-04-24 06:50:00-07:00
1745501700000,0.0,0.0,0,0,1,267,46.4,88,29.93,30.0052,9,8100,1,9000,46.4,43.04,2025-04-01T21:20:00.000Z,2025-04-24,,,,2025-04-24 06:35:00-07:00
1745500800000,0.0,0.0,0,0,1,267,47.7,86,29.92,29.995,1,900,0,900,47.7,43.72,2025-04-01T21:20:00.000Z,2025-04-24,4.24,,,2025-04-24 06:20:00-07:00
1745499900000,0.0,0.0,0,0,1,267,48.2,87,29.92,29.9949,0,0,0,0,48.2,44.51,2025-04-01T21:20:00.000Z,2025-04-24,,,,2025-04-24 06:05:00-07:00
1745499000000,0.0,0.0,0,0,1,267,47.8,87,29.92,29.995,0,0,0,0,47.8,44.12,2025-04-01T21:20:00.000Z,2025-04-24,,,,2025-04-24 05:50:00-07:00
1745498100000,0.0,0.0,0,0,1,267,48.0,87,29.92,29.9949,0,0,0,0,48.0,44.32,2025-04-01T21:20:00.000Z,2025-04-24,,,,2025-04-24 05:35:00-07:00
1745497200000,0.0,0.0,0,0,1,267,48.4,87,29.92,29.9949,0,0,0,0,48.4,44.71,2025-04-01T21:20:00.000Z,2025-04-24,4.26,,,2025-04-24 05:20:00-07:00
1745496300000,0.0,0.0,0,0,1,267,48.4,86,29.93,30.0049,0,0,0,0,48.4,44.41,2025-04-01T21:20:00.000Z,2025-04-24,,,,2025-04-24 05:05:00-07:00
1745495400000,0.0,0.0,0,0,1,267,49.1,85,29.94,30.0148,0,0,0,0,49.1,44.79,2025-04-01T21:20:00.000Z,2025-04-24,,,,2025-04-24 04:50:00-07:00
1745494500000,0.0,0.0,0,0,1,267,49.8,83,29.94,30.0147,0,0,0,0,49.8,44.85,2025-04-01T21:20:00.000Z,2025-04-24,,,,2025-04-24 04:35:00-07:00
1745493600000,0.0,0.0,0,0,1,267,50.5,81,29.94,30.0146,0,0,0,0,50.5,44.89,2025-04-01T21:20:00.000Z,2025-04-24,4.26,,,2025-04-24 04:20:00-07:00
1745492700000,0.0,1.1185,0,0,1,267,50.9,80,29.95,30.0246,0,0,0,0,50.9,44.95,2025-04-01T21:20:00.000Z,2025-04-24,,,,2025-04-24 04:05:00-07:00
1745491800000,0.8948,4.0265,0,0,1,267,51.1,80,29.95,30.0245,0,0,0,0,51.1,45.15,2025-04-01T21:20:00.000Z,2025-04-24,,,,2025-04-24 03:50:00-07:00
1745490900000,0.6711,5.3686,0,0,1,341,50.4,81,29.95,30.0246,0,0,0,0,50.4,44.79,2025-04-01T21:20:00.000Z,2025-04-24,,,,2025-04-24 03:35:00-07:00
1745490000000,0.0,0.8948,0,0,1,2,49.6,83,29.94,30.0147,0,0,0,0,49.6,44.65,2025-04-01T21:20:00.000Z,2025-04-24,4.27,,,2025-04-24 03:20:00-07:00
1745489100000,0.0,0.0,0,0,1,2,49.8,81,29.94,30.0147,0,0,0,0,49.8,44.21,2025-04-01T21:20:00.000Z,2025-04-24,,,,2025-04-24 03:05:00-07:00
1745488200000,0.2237,1.5659,0,0,1,2,49.8,81,29.94,30.0147,0,0,0,0,49.8,44.21,,2025-04-24,,America/Los_Angeles,True,2025-04-24 02:50:00-07:00
1745487300000,0.0,1.3422,0,0,1,2,50.0,81,29.95,30.0247,0,0,0,0,50.0,44.4,2025-04-01T21:20:00.000Z,2025-04-24,,,,2025-04-24 02:35:00-07:00
1745486400000,0.4474,2.4606,0,0,1,2,50.4,80,29.95,30.0246,0,0,0,0,50.4,44.47,2025-04-01T21:20:00.000Z,2025-04-24,4.28,,,2025-04-24 02:20:00-07:00
1745485500000,0.0,0.0,0,0,1,2,50.7,80,29.95,30.0246,0,0,0,0,50.7,44.76,2025-04-01T21:20:00.000Z,2025-04-24,,,,2025-04-24 02:05:00-07:00
1745484600000,0.0,0.0,0,0,1,2,50.7,80,29.95,30.0246,0,0,0,0,50.7,44.76,2025-04-01T21:20:00.000Z,2025-04-24,,,,2025-04-24 01:50:00-07:00
1745483700000,0.0,0.0,0,0,1,2,50.5,79,29.96,30.0347,0,0,0,0,50.5,44.23,2025-04-01T21:20:00.000Z,2025-04-24,,,,2025-04-24 01:35:00-07:00
1745482800000,0.2237,3.1317,0,0,1,2,50.5,78,29.96,30.0347,0,0,0,0,50.5,43.9,2025-04-01T21:20:00.000Z,2025-04-24,4.28,,,2025-04-24 01:20:00-07:00
1745481900000,1.3422,3.8028,0,0,1,350,51.1,78,29.96,30.0346,0,0,0,0,51.1,44.48,2025-04-01T21:20:00.000Z,2025-04-24,,,,2025-04-24 01:05:00-07:00
1745481000000,0.0,0.0,0,0,1,262,50.7,79,29.96,30.0346,0,0,0,0,50.7,44.43,2025-04-01T21:20:00.000Z,2025-04-24,,,,2025-04-24 00:50:00-07:00
1745480100000,0.0,0.0,0,0,1,262,49.6,82,29.96,30.0348,0,0,0,0,49.6,44.33,2025-04-01T21:20:00.000Z,2025-04-24,,,,2025-04-24 00:35:00-07:00
1745479200000,0.0,0.8948,0,0,1,262,48.6,84,29.96,30.0349,0,0,0,0,48.6,43.99,2025-04-01T21:20:00.000Z,2025-04-24,4.29,,,2025-04-24 00:20:00-07:00
1745478300000,0.0,1.5659,0,0,1,262,47.8,85,29.96,30.0351,0,0,0,0,47.8,43.51,2025-04-01T21:20:00.000Z,2025-04-24,,,,2025-04-24 00:05:00-07:00
